4.393000
4.359000
3.797000
3.838000
4.086000
4.523000
3.909000
4.164000
4.663000
4.428000
4.647000
3.885063
3.753000
4.255000
4.034000
3.696000
3.624000
4.210000
3.878062
3.712000
4.121000
4.035000
3.641000
3.841000
5.037000
3.753000
3.740000
4.249000
4.124000
3.811000
4.643000
5.208000
4.928000
4.992000
5.169062
4.602000
5.097000
4.773000
4.879000
5.080000
4.666000
4.880000
4.581000
4.324000
5.082000
4.284000
4.840000
4.723063
4.776000
4.817000
5.239000
4.948000
4.793000
4.578000
4.085000
5.031000
4.734000
5.011000
5.582000
4.670000
3.985375
4.155437
3.878188
3.936500
3.553187
4.062375
4.171500
4.077375
3.893375
4.392500
5.528688
4.454500
4.046687
4.280000
4.064375
3.881187
3.659875
4.170187
4.107687
3.550500
3.972938
4.279500
3.768500
4.168000
4.060000
3.876500
4.062188
4.501500
4.783000
4.170375
