~o
<STREAMINFO> 1 39
<VECSIZE> 39<NULLD><MFCC_D_A_0><DIAGC>
~h "I"
<BEGINHMM>
<NUMSTATES> 5
<STATE> 2
<MEAN> 39
 -9.566855e+00 -2.447381e-01 -5.061291e-01 -3.603918e-01 -2.604714e+00 -2.288076e+00 -4.083106e+00 -1.335830e+00 4.435671e+00 -4.113934e+00 1.357305e+00 -8.201421e+00 6.477113e+01 -5.676356e-01 6.279795e-02 -8.014502e-01 -2.627529e-01 4.586979e-02 5.131332e-01 3.834144e-01 -6.162955e-01 1.356740e+00 -1.200931e-01 3.094848e-02 3.241745e-01 2.013835e-01 1.157605e-01 -1.666785e-01 9.217260e-02 -4.105121e-01 -2.305940e-01 -8.322400e-02 -8.775684e-02 -2.113518e-01 -1.914228e-01 2.343430e-01 -2.947967e-02 -9.137624e-03 7.754381e-02
<VARIANCE> 39
 1.984012e+01 6.692791e+01 2.883044e+01 1.028645e+02 1.910952e+01 3.622212e+01 1.454991e+01 4.708227e+01 2.552442e+01 3.206677e+01 3.847691e+01 2.678186e+01 2.172845e+00 6.205587e-01 1.265039e+00 2.405887e+00 1.575520e+00 1.623408e+00 3.362958e+00 1.045904e+00 3.593252e+00 3.041205e+00 1.660622e+00 4.573273e+00 1.414394e+00 8.829242e-02 1.372456e-01 2.202405e-01 3.563139e-01 2.827561e-01 2.752538e-01 6.433188e-01 1.724579e-01 7.503746e-01 5.510842e-01 3.859443e-01 6.754240e-01 3.025031e-01 1.896715e-02
<GCONST> 1.028539e+02
<STATE> 3
<MEAN> 39
 -1.119167e+01 2.968279e+00 3.460084e-01 9.471290e-01 -4.426567e+00 -3.017640e+00 -3.839505e+00 -5.574887e+00 5.806643e+00 -4.824317e+00 2.867026e+00 -5.411508e+00 6.648895e+01 5.043398e-01 -9.710992e-01 9.798809e-01 -1.004719e+00 -8.714063e-01 -1.241817e+00 -6.000155e-01 -3.552922e-01 -5.413991e-01 6.906971e-02 -4.243432e-01 5.012739e-01 6.583338e-01 4.696842e-01 -4.040952e-01 4.295343e-01 -1.336699e-01 -1.297936e-01 -9.064388e-02 -3.738776e-01 1.701234e-01 -3.798661e-01 -1.687388e-01 8.123015e-02 -3.924759e-02 1.179449e-01
<VARIANCE> 39
 1.559828e+01 2.686592e+01 4.345063e+01 4.632312e+01 9.727291e+00 3.414988e+01 1.688139e+01 2.176692e+01 1.991208e+01 2.736709e+01 1.818946e+01 1.576197e+01 5.601258e+00 1.749439e+00 1.651154e+00 2.418144e+00 1.771031e+00 1.586856e+00 2.679373e+00 2.182649e+00 2.135480e+00 2.197864e+00 1.847922e+00 1.621822e+00 1.063729e+00 2.068941e-01 1.434534e-01 1.412824e-01 1.585741e-01 2.594023e-01 3.838839e-01 5.168962e-01 3.066487e-01 3.759862e-01 3.313663e-01 3.903971e-01 3.653933e-01 2.281576e-01 2.380008e-02
<GCONST> 9.745520e+01
<STATE> 4
<MEAN> 39
 -2.678260e+00 -4.705249e+00 5.325406e+00 -3.089979e+00 -8.225850e+00 -8.891421e+00 -1.226396e+01 -5.397789e+00 1.635092e+00 -7.439342e+00 4.497337e+00 -1.759383e+00 6.911263e+01 5.057403e-01 -8.715030e-01 5.753437e-01 -5.020387e-01 -7.899525e-01 -2.774040e-01 -7.470545e-01 4.491887e-01 -2.037853e-01 -5.995955e-01 5.713522e-01 1.771236e-01 2.269816e-01 -8.562342e-02 1.213641e-01 -2.110820e-01 5.606662e-02 9.971544e-02 8.451593e-02 8.705093e-02 9.092343e-02 1.020591e-01 5.949963e-02 6.560768e-03 -7.896918e-02 -6.475334e-02
<VARIANCE> 39
 3.881389e+01 1.936567e+01 1.032220e+02 1.962981e+01 3.901446e+01 3.433081e+01 2.909004e+01 1.391052e+01 1.355419e+01 3.861677e+01 1.190912e+01 2.551498e+01 1.180090e+01 1.685615e+00 2.086602e+00 3.731058e+00 2.437402e+00 3.492525e+00 1.826753e+00 3.057510e+00 1.735352e+00 1.525236e+00 3.575731e+00 1.371231e+00 1.958489e+00 4.168420e-01 2.044072e-01 1.703044e-01 5.778226e-01 2.906302e-01 4.710011e-01 4.022760e-01 3.731087e-01 4.053749e-01 3.720884e-01 6.438947e-01 3.461910e-01 4.435198e-01 3.137977e-02
<GCONST> 1.068994e+02
<TRANSP> 5
 0.000000e+00 1.000000e+00 0.000000e+00 0.000000e+00 0.000000e+00
 0.000000e+00 5.832439e-01 4.167562e-01 0.000000e+00 0.000000e+00
 0.000000e+00 0.000000e+00 6.735647e-01 3.264353e-01 0.000000e+00
 0.000000e+00 0.000000e+00 0.000000e+00 7.996909e-01 2.003091e-01
 0.000000e+00 0.000000e+00 0.000000e+00 0.000000e+00 0.000000e+00
<ENDHMM>
~h "T"
<BEGINHMM>
<NUMSTATES> 5
<STATE> 2
<MEAN> 39
 -9.057790e+00 -7.421056e+00 -3.115880e-02 -5.881159e+00 -4.008863e+00 -9.134509e+00 -4.835816e+00 -1.087244e+00 8.608333e-01 -5.081014e-01 1.942472e+00 -4.048465e+00 6.472459e+01 2.022523e-02 -6.401645e-02 -1.435543e-01 -3.474550e-02 -2.527345e-02 -3.991691e-02 1.185267e-01 3.571795e-02 -7.221109e-02 -7.462931e-02 -6.516712e-02 9.041082e-03 -9.082107e-02 1.746624e-02 4.428733e-02 5.083947e-03 1.102937e-02 1.399050e-02 7.147692e-03 -8.964625e-03 -1.843891e-02 -2.375518e-02 -5.175378e-02 9.134975e-03 -1.876356e-02 1.026209e-03
<VARIANCE> 39
 1.293812e+01 1.656878e+01 1.349053e+01 2.192989e+01 2.105803e+01 2.224208e+01 2.981968e+01 1.964158e+01 2.977652e+01 1.916930e+01 1.815380e+01 1.301036e+01 1.545518e+01 6.284127e-01 8.527346e-01 7.268217e-01 1.098433e+00 1.178407e+00 1.445746e+00 2.289865e+00 2.177643e+00 3.179637e+00 1.812052e+00 1.770668e+00 1.438592e+00 6.850303e-01 9.762284e-02 1.178976e-01 1.393212e-01 1.976158e-01 1.865178e-01 2.661797e-01 4.179584e-01 4.118033e-01 7.056104e-01 3.158736e-01 3.250236e-01 3.070395e-01 1.155839e-01
<GCONST> 9.462196e+01
<STATE> 3
<MEAN> 39
 -1.143988e+01 -2.621155e+00 -9.668005e-01 -4.400559e+00 -1.177496e+00 -6.746405e+00 -3.593376e+00 -1.387494e+00 1.410821e+00 -4.894114e+00 1.110628e+00 -5.723262e+00 6.192080e+01 -5.222242e-01 2.172879e-01 2.262821e-01 1.571957e-01 -1.544331e-01 4.230512e-01 -4.630537e-01 4.315748e-02 5.459448e-01 -1.698763e-01 3.237341e-01 -1.890527e-01 5.241198e-01 -5.526772e-02 -1.345024e-01 3.835309e-02 -4.722750e-02 -1.948658e-01 1.480824e-01 5.302903e-02 -2.180068e-02 3.120743e-02 6.446855e-02 2.109374e-02 -2.226706e-02 9.399388e-02
<VARIANCE> 39
 1.585505e+01 5.168889e+00 1.533186e+01 1.663601e+01 7.586866e+00 1.607440e+01 1.960516e+01 2.235440e+01 2.477959e+01 1.814172e+01 1.043774e+01 9.626856e+00 1.205062e+01 3.450665e-01 6.439925e-01 1.575183e+00 1.784547e+00 1.357919e+00 1.991347e+00 2.270541e+00 2.575728e+00 1.788869e+00 1.694800e+00 1.156667e+00 1.811498e+00 1.892155e-01 6.268431e-02 7.614640e-02 1.825012e-01 3.532194e-01 2.425752e-01 3.249235e-01 3.781775e-01 6.959627e-01 3.570959e-01 3.342569e-01 2.739635e-01 3.374570e-01 1.570496e-02
<GCONST> 8.757066e+01
<STATE> 4
<MEAN> 39
 -1.296122e+01 -5.888748e+00 1.459849e+00 -2.806041e+00 -5.704453e+00 -3.458251e+00 -6.399644e+00 -4.510879e+00 3.087423e+00 -1.881812e+00 2.904026e+00 -7.547301e+00 6.757851e+01 1.396194e+00 -7.821566e-01 1.547371e-01 1.203099e-01 -5.261279e-01 -8.264354e-01 -7.143757e-01 -7.470460e-01 -4.328193e-02 6.830449e-01 -1.322297e-01 6.348222e-02 7.428446e-01 1.867891e-01 -1.343178e-01 1.249069e-01 -1.060298e-01 -1.130882e-01 -2.354619e-01 -2.089249e-01 1.101392e-01 8.655896e-02 -7.646402e-02 1.145695e-02 1.915130e-01 3.387681e-02
<VARIANCE> 39
 6.021554e+01 1.900719e+01 2.633447e+01 1.346218e+01 1.822009e+01 2.862599e+01 3.464604e+01 2.743719e+01 1.813935e+01 2.334897e+01 1.271466e+01 1.468976e+01 1.159068e+01 6.764067e+00 1.501510e+00 1.934461e+00 1.588436e+00 2.713109e+00 3.788637e+00 3.583009e+00 2.745824e+00 2.218521e+00 2.035837e+00 1.378069e+00 1.824935e+00 7.230142e-01 1.164575e+00 3.274285e-01 4.465345e-01 3.065130e-01 6.056705e-01 5.608817e-01 7.464895e-01 4.934694e-01 4.054257e-01 6.496723e-01 3.057802e-01 2.681904e-01 1.531979e-01
<GCONST> 1.108538e+02
<TRANSP> 5
 0.000000e+00 1.000000e+00 0.000000e+00 0.000000e+00 0.000000e+00
 0.000000e+00 9.539436e-01 4.605650e-02 0.000000e+00 0.000000e+00
 0.000000e+00 0.000000e+00 8.842919e-01 1.157081e-01 0.000000e+00
 0.000000e+00 0.000000e+00 0.000000e+00 9.118464e-01 8.815362e-02
 0.000000e+00 0.000000e+00 0.000000e+00 0.000000e+00 0.000000e+00
<ENDHMM>
~h "e"
<BEGINHMM>
<NUMSTATES> 5
<STATE> 2
<MEAN> 39
 -2.019691e+00 -7.067733e+00 4.264856e+00 -6.481291e+00 -9.750130e+00 -9.858408e+00 -1.407376e+01 -1.569702e+00 3.534235e+00 -3.220222e+00 2.379363e+00 -1.071035e+01 7.051662e+01 2.011912e+00 -2.007094e+00 1.490393e+00 -1.817240e+00 -2.225553e+00 -1.254221e+00 -1.973548e+00 1.265534e+00 9.351306e-01 -3.593045e-01 1.514098e+00 -1.244045e+00 2.139473e+00 -6.349034e-01 -8.977716e-02 -2.304383e-01 -8.746362e-02 -4.128676e-01 6.635355e-01 4.611976e-01 3.277016e-01 1.776523e-01 -3.801040e-01 5.090299e-01 1.943218e-01 3.418586e-02
<VARIANCE> 39
 1.269161e+01 1.504940e+01 1.539822e+01 1.566045e+01 2.488892e+01 1.827755e+01 5.015373e+01 1.319473e+01 1.477494e+01 5.409319e+00 2.424782e+01 1.777220e+01 3.782386e+01 1.998182e+00 1.252158e+00 1.054015e+00 1.607365e+00 2.034124e+00 2.346658e+00 2.259003e+00 2.203012e+00 2.177647e+00 1.255618e+00 1.873587e+00 1.461853e+00 8.441435e-01 4.727408e-01 3.033988e-01 3.051818e-01 2.738617e-01 7.281523e-01 3.702684e-01 5.202787e-01 2.920829e-01 3.275957e-01 1.276244e-01 4.662955e-01 5.985602e-01 5.989129e-01
<GCONST> 1.029837e+02
<STATE> 3
<MEAN> 39
 -1.243557e+00 -1.062437e+01 5.263853e+00 -9.215763e+00 -1.380786e+01 -8.043201e+00 -1.300366e+01 2.902224e+00 6.278630e+00 -5.379698e+00 5.797280e+00 -1.207831e+01 7.303252e+01 6.543479e-01 -1.268108e+00 8.101822e-01 -1.064472e+00 -2.604415e+00 2.468527e-01 -5.978974e-01 1.620424e+00 1.001053e+00 -1.627581e+00 1.530807e+00 -7.553350e-01 1.896547e+00 -4.097843e-01 4.803528e-01 -2.401539e-01 4.453736e-01 3.140802e-01 2.932510e-01 4.749176e-01 -3.346994e-01 -1.960572e-01 -7.801111e-02 -2.471013e-01 3.136128e-01 -4.095802e-01
<VARIANCE> 39
 7.444468e+00 7.266488e+00 1.058719e+01 9.789254e+00 2.664284e+01 2.431401e+01 5.229467e+01 1.777474e+01 1.310597e+01 1.310600e+01 2.543438e+01 1.670741e+01 2.369188e+01 6.991690e-01 9.138435e-01 9.816729e-01 1.955814e+00 4.597688e+00 1.344620e+00 2.480578e+00 2.705454e+00 1.418934e+00 1.906004e+00 2.211716e+00 3.714617e+00 3.870953e+00 1.802921e-01 2.376671e-01 1.538757e-01 3.661162e-01 1.249202e+00 3.360055e-01 3.204751e-01 4.575510e-01 4.172288e-01 2.520823e-01 3.652777e-01 3.760339e-01 4.488997e-01
<GCONST> 1.025119e+02
<STATE> 4
<MEAN> 39
 2.679344e-01 -1.041358e+01 6.522533e+00 -7.931107e+00 -1.081613e+01 -8.461585e+00 -1.779908e+01 9.601062e-01 6.449524e+00 -4.994185e+00 7.313761e+00 -1.143516e+01 7.341866e+01 1.591009e-02 4.237262e-02 4.094089e-02 1.788331e-02 2.935992e-01 3.268713e-01 -2.265743e-02 1.309388e-01 1.235350e-01 2.371362e-02 -1.086787e-01 -2.555552e-01 2.120503e-02 -8.070777e-02 1.811577e-01 1.982435e-03 1.183810e-01 2.099738e-01 5.293165e-02 1.173223e-01 -1.078908e-01 -1.211785e-01 1.445649e-01 -2.096596e-01 1.579530e-02 -1.441936e-01
<VARIANCE> 39
 3.164100e+00 9.847219e+00 5.097397e+00 2.466232e+01 4.591099e+01 1.594527e+01 2.149891e+01 2.158727e+01 1.550925e+01 1.557865e+01 1.222279e+01 1.414110e+01 1.020427e+01 3.156032e-01 1.063730e+00 6.586174e-01 3.135421e+00 4.940759e+00 9.092756e-01 1.157158e+00 2.660865e+00 1.975670e+00 1.278738e+00 1.652923e+00 1.490252e+00 1.573382e+00 6.908701e-02 2.664610e-01 9.241644e-02 6.589269e-01 7.740314e-01 1.824154e-01 2.733777e-01 5.267449e-01 3.936960e-01 2.292251e-01 3.127094e-01 3.075984e-01 2.872884e-01
<GCONST> 9.350800e+01
<TRANSP> 5
 0.000000e+00 1.000000e+00 0.000000e+00 0.000000e+00 0.000000e+00
 0.000000e+00 5.461596e-01 4.538404e-01 0.000000e+00 0.000000e+00
 0.000000e+00 0.000000e+00 3.348401e-01 6.651599e-01 0.000000e+00
 0.000000e+00 0.000000e+00 0.000000e+00 8.783814e-01 1.216186e-01
 0.000000e+00 0.000000e+00 0.000000e+00 0.000000e+00 0.000000e+00
<ENDHMM>
~h "f"
<BEGINHMM>
<NUMSTATES> 5
<STATE> 2
<MEAN> 39
 -9.922550e+00 -5.033910e+00 -3.934230e-01 -5.525404e+00 -1.493498e+00 -4.125017e+00 -3.514344e+00 2.313480e-01 3.137592e+00 -8.075668e-01 1.361817e+00 -3.923265e+00 6.099735e+01 -1.851579e-01 -7.673153e-02 -6.538572e-02 1.394363e-01 -2.434779e-01 -1.989766e-02 -1.959760e-01 1.585193e-02 1.692491e-01 1.240206e-01 1.221873e-01 -1.000110e-01 1.658433e-01 1.804407e-02 -6.530068e-04 1.284988e-02 5.171192e-03 6.259045e-03 -2.190961e-02 -2.453421e-02 -2.413791e-02 -3.942590e-03 -3.701329e-03 4.743768e-03 1.448727e-02 1.402282e-02
<VARIANCE> 39
 9.119464e+00 1.085902e+01 1.219566e+01 1.758925e+01 2.544047e+01 2.499014e+01 2.058086e+01 2.142274e+01 2.331747e+01 2.287690e+01 2.005094e+01 2.093979e+01 1.123130e+01 7.364069e-01 7.489959e-01 1.028102e+00 1.435680e+00 1.639553e+00 1.613504e+00 1.474003e+00 1.987964e+00 1.700007e+00 1.804768e+00 1.527445e+00 1.657920e+00 4.912017e-01 1.147144e-01 1.264754e-01 1.844786e-01 2.654358e-01 3.291766e-01 2.792698e-01 2.774466e-01 3.541241e-01 3.367079e-01 3.481204e-01 2.934691e-01 3.342254e-01 7.626124e-02
<GCONST> 9.310835e+01
<STATE> 3
<MEAN> 39
 -1.029299e+01 -8.146894e+00 -1.270239e+00 -3.763906e+00 -6.143905e+00 -4.159172e+00 -6.351124e+00 7.114935e-01 7.431238e+00 2.767856e-02 1.756848e+00 -5.717072e+00 6.617503e+01 2.477061e-01 -8.131162e-02 2.045710e-01 1.968527e-02 3.917650e-01 3.319936e-01 -1.453656e-01 -5.244566e-01 -3.046925e-01 -2.340186e-02 1.354395e-01 -9.840440e-02 2.392356e-01 5.254323e-01 6.646711e-02 3.889970e-02 -3.393559e-01 9.577120e-02 1.602928e-01 1.142353e-01 -1.507061e-01 -2.755986e-01 -9.697828e-02 3.470227e-03 -1.012231e-01 6.906355e-02
<VARIANCE> 39
 1.877353e+01 1.355914e+01 1.298825e+01 9.763337e+00 3.114664e+01 2.218516e+01 1.568756e+01 2.791538e+01 3.563503e+01 2.494846e+01 2.688450e+01 2.706311e+01 4.585309e+00 1.211761e+00 6.552860e-01 8.751733e-01 8.345292e-01 1.533549e+00 1.357353e+00 1.387563e+00 1.938564e+00 2.415607e+00 2.164777e+00 2.674996e+00 1.924326e+00 2.447028e-01 2.795336e-01 1.461387e-01 1.467852e-01 2.898743e-01 3.397032e-01 2.506826e-01 2.758459e-01 4.286843e-01 3.534973e-01 3.973599e-01 6.140505e-01 4.476968e-01 9.670673e-02
<GCONST> 9.610187e+01
<STATE> 4
<MEAN> 39
 -3.229782e+00 -6.105358e+00 -3.643581e-01 -9.209219e+00 -4.335145e+00 -2.799621e-01 -6.180339e+00 -4.178735e+00 1.652876e+00 -9.736971e-01 3.834545e+00 -8.615193e+00 6.855965e+01 3.168644e+00 -2.758044e-01 -4.420479e-01 -3.268903e+00 -1.381118e+00 1.567301e+00 3.171961e-01 -1.153263e+00 -4.911958e-01 -2.017941e-01 1.461921e+00 -1.405125e+00 1.944269e+00 -2.500320e-01 -2.214382e-01 -2.119427e-01 -3.194454e-01 -5.819061e-01 2.249200e-01 4.479983e-02 1.103695e-01 6.094441e-01 -8.526038e-02 2.510572e-01 -2.058166e-01 2.031835e-01
<VARIANCE> 39
 4.005909e+01 2.178790e+01 9.314385e+00 4.494962e+01 2.046628e+01 2.307660e+01 1.441235e+01 2.116443e+01 3.154313e+01 2.007315e+01 2.534047e+01 4.773620e+01 2.167660e+01 1.698569e+00 2.577445e+00 1.439840e+00 2.294333e+00 3.701035e+00 1.744295e+00 1.352527e+00 1.988541e+00 3.965836e+00 3.213408e+00 3.245780e+00 7.119432e+00 1.305234e+00 8.568521e-01 2.390258e-01 1.941091e-01 8.109158e-01 4.053006e-01 3.796999e-01 2.218318e-01 3.790922e-01 4.882117e-01 4.906815e-01 6.797600e-01 6.700361e-01 3.333723e-01
<GCONST> 1.133708e+02
<TRANSP> 5
 0.000000e+00 1.000000e+00 0.000000e+00 0.000000e+00 0.000000e+00
 0.000000e+00 9.350041e-01 6.499594e-02 0.000000e+00 0.000000e+00
 0.000000e+00 0.000000e+00 7.815683e-01 2.184317e-01 0.000000e+00
 0.000000e+00 0.000000e+00 0.000000e+00 7.521216e-01 2.478784e-01
 0.000000e+00 0.000000e+00 0.000000e+00 0.000000e+00 0.000000e+00
<ENDHMM>
~h "i"
<BEGINHMM>
<NUMSTATES> 5
<STATE> 2
<MEAN> 39
 -6.112700e+00 -5.950018e+00 1.315784e+01 -6.724965e+00 -1.380898e+01 -9.372951e+00 -1.249765e+01 -2.938619e+00 -3.642662e-01 -9.975942e+00 9.897423e+00 -1.681697e+00 7.060040e+01 -4.277707e-01 5.296559e-01 3.320301e-01 -5.070115e-01 8.843033e-03 6.140011e-01 3.758259e-01 1.289385e-01 -8.408951e-01 -2.308353e-01 8.350632e-01 -4.940792e-01 -2.806679e-01 5.177326e-02 1.016705e-01 -3.627709e-01 1.570769e-01 1.239011e-01 4.389964e-02 1.490226e-01 -3.455789e-01 1.213834e-01 3.594607e-01 -2.779522e-01 -1.321254e-01 -5.698271e-02
<VARIANCE> 39
 3.156890e+01 8.318819e+01 1.168360e+02 1.848309e+01 5.614016e+01 2.234839e+01 7.027817e+01 2.845266e+01 4.828742e+01 4.937270e+01 1.762367e+01 1.557431e+01 2.244842e+01 8.691376e-01 2.435238e+00 5.995569e+00 2.336250e+00 3.831340e+00 2.290836e+00 3.653310e+00 3.439937e+00 4.473879e+00 4.272524e+00 2.938035e+00 1.181128e+00 4.284064e-01 7.061459e-02 3.276115e-01 6.089905e-01 3.610434e-01 6.945233e-01 5.045053e-01 6.869907e-01 8.013797e-01 5.593895e-01 8.643943e-01 3.931680e-01 2.644768e-01 4.481811e-02
<GCONST> 1.168836e+02
<STATE> 3
<MEAN> 39
 -4.775153e+00 -4.836906e+00 2.022253e+01 -6.771239e+00 -1.407269e+01 -3.289641e+00 -1.632350e+01 -2.995017e+00 -2.829212e+00 -1.304174e+01 1.208424e+01 -6.934391e+00 6.969008e+01 -5.383235e-02 6.374632e-01 -6.845731e-01 3.891323e-01 1.281796e+00 3.972224e-01 7.903102e-01 2.077928e-01 5.804837e-01 6.690916e-01 -8.017803e-01 -5.118604e-03 -7.597097e-01 5.489080e-02 -5.943152e-02 -1.692816e-01 2.889549e-02 8.558907e-02 -6.187804e-02 1.618807e-01 2.015082e-01 1.762231e-01 1.412796e-01 -1.168228e-01 3.023693e-02 -3.349800e-02
<VARIANCE> 39
 2.023383e+00 1.588942e+01 4.195370e+01 1.045430e+01 5.719859e+01 1.430653e+01 2.618184e+01 2.024438e+01 2.312609e+01 2.050979e+01 2.097794e+01 2.410669e+01 1.462852e+01 2.607034e-01 4.957501e-01 2.335355e+00 4.378144e-01 1.973752e+00 1.759888e+00 2.667226e+00 3.071674e+00 1.185841e+00 2.448803e+00 1.502326e+00 1.397480e+00 2.630341e-01 4.078113e-02 7.867663e-02 2.245868e-01 1.129032e-01 2.786991e-01 2.767178e-01 3.791958e-01 5.256549e-01 2.520398e-01 1.822179e-01 2.377637e-01 2.558806e-01 2.926896e-02
<GCONST> 8.807574e+01
<STATE> 4
<MEAN> 39
 -6.539713e+00 -7.415401e+00 2.890117e+00 -5.896766e+00 -5.056225e+00 -4.750127e+00 -4.273351e+00 1.835768e+00 5.319310e+00 -6.217415e+00 6.073083e-01 -4.068017e+00 6.175621e+01 -6.878671e-02 -7.925500e-03 -3.374039e-01 1.621516e-01 3.679902e-02 -1.067392e-01 5.383793e-01 -4.896003e-02 -8.124056e-02 1.266764e-01 -1.633509e-01 1.633150e-02 -2.898366e-01 -3.898582e-02 -2.000621e-02 1.029809e-01 -2.095753e-02 -6.244767e-02 -7.572879e-03 -1.507446e-01 -2.152201e-01 -4.649613e-02 -3.695163e-02 1.298448e-01 2.961155e-02 5.403187e-02
<VARIANCE> 39
 4.226878e+00 3.369533e+01 3.172340e+01 1.408938e+01 2.899691e+01 1.725108e+01 5.761852e+01 1.913797e+01 6.209657e+01 1.963325e+01 1.290924e+01 1.925711e+01 2.223072e+01 1.744300e-01 8.681479e-01 1.914280e+00 1.608448e+00 9.446340e-01 9.895408e-01 2.686799e+00 1.922447e+00 3.971477e+00 2.028455e+00 1.718567e+00 2.443528e+00 1.178956e-01 3.577084e-02 9.300863e-02 1.340357e-01 2.248817e-01 1.935602e-01 2.364110e-01 4.686261e-01 3.163097e-01 6.382400e-01 3.935474e-01 3.174712e-01 4.888370e-01 1.569261e-02
<GCONST> 9.227706e+01
<TRANSP> 5
 0.000000e+00 1.000000e+00 0.000000e+00 0.000000e+00 0.000000e+00
 0.000000e+00 8.930892e-01 1.069108e-01 0.000000e+00 0.000000e+00
 0.000000e+00 0.000000e+00 9.046575e-01 9.534249e-02 0.000000e+00
 0.000000e+00 0.000000e+00 0.000000e+00 9.092337e-01 9.076624e-02
 0.000000e+00 0.000000e+00 0.000000e+00 0.000000e+00 0.000000e+00
<ENDHMM>
~h "k"
<BEGINHMM>
<NUMSTATES> 5
<STATE> 2
<MEAN> 39
 -1.252025e+01 -1.650269e+00 -2.794818e+00 -3.303345e+00 -7.450346e+00 -8.950382e-01 -7.756052e+00 -4.866292e+00 1.910812e+00 -4.855268e+00 4.358498e+00 -6.614994e+00 6.615487e+01 1.809935e+00 -5.555655e-01 2.418816e+00 -2.032157e-01 -1.523016e+00 -1.753085e+00 -1.807007e+00 6.233062e-03 -7.186004e-01 -9.752761e-01 8.821380e-02 -8.487039e-01 1.128661e+00 1.480935e-01 -2.145439e-01 3.505671e-01 -8.971414e-02 -3.561358e-01 -8.619031e-02 -1.778891e-01 1.792572e-01 7.590822e-02 -3.124329e-01 2.770212e-01 -1.223143e-01 1.598426e-01
<VARIANCE> 39
 5.158257e+01 1.471661e+01 7.037772e+01 8.458402e+00 2.435068e+01 4.800246e+01 6.598390e+01 1.690406e+01 2.433052e+01 2.026284e+01 1.428930e+01 1.987421e+01 1.524174e+01 4.207108e+00 1.632705e+00 4.904794e+00 1.235239e+00 3.357524e+00 3.028013e+00 3.504541e+00 2.225479e+00 1.770565e+00 3.491446e+00 2.525806e+00 1.761489e+00 1.673624e+00 6.602695e-01 2.227440e-01 6.611093e-01 2.239202e-01 4.464189e-01 8.805094e-01 9.128966e-01 4.408568e-01 3.517670e-01 5.242469e-01 5.724773e-01 3.506324e-01 2.015135e-01
<GCONST> 1.147143e+02
<STATE> 3
<MEAN> 39
 -3.315742e+00 -6.716156e+00 1.037923e+01 -1.416960e+00 -1.400934e+01 -9.276340e+00 -1.223373e+01 -1.462091e+00 -2.009325e+00 -1.030881e+01 8.740456e+00 -7.266736e+00 6.849892e+01 -5.107725e-01 -1.108727e-01 -9.552995e-01 6.020605e-01 8.767260e-01 -1.556463e-01 7.062783e-01 4.102239e-01 2.667100e-01 2.756068e-01 -2.673607e-01 5.561165e-01 -6.590612e-01 -3.084729e-01 1.870481e-01 -3.229353e-01 4.784359e-02 2.556900e-01 1.398435e-01 1.031072e-01 -6.026214e-02 1.027312e-01 2.131163e-01 -2.097286e-01 1.051330e-01 -1.373552e-01
<VARIANCE> 39
 5.477236e+00 1.518888e+01 8.998774e+01 2.141523e+01 5.603698e+01 2.001413e+01 3.762033e+01 1.898629e+01 2.990860e+01 2.893260e+01 3.786126e+01 2.643486e+01 3.008357e+01 8.711374e-01 2.581346e+00 8.116515e+00 2.319043e+00 5.211063e+00 1.913941e+00 2.939488e+00 1.304823e+00 4.745545e+00 3.632941e+00 5.883549e+00 3.163890e+00 2.961080e+00 1.428248e-01 6.423401e-01 1.308126e+00 6.119615e-01 9.977777e-01 5.268617e-01 7.488568e-01 2.623712e-01 9.036181e-01 7.316274e-01 9.327424e-01 5.809098e-01 6.649591e-01
<GCONST> 1.222618e+02
<STATE> 4
<MEAN> 39
 -1.022550e+01 -4.440587e+00 -6.079356e-01 1.158604e-01 -7.455432e+00 -6.652840e+00 -9.618673e+00 6.131342e-01 3.907997e+00 -3.649407e+00 3.551624e+00 -3.635290e+00 6.485700e+01 -3.861930e-01 1.382598e-01 -6.352466e-02 -2.124110e-01 3.606345e-02 5.763776e-01 3.366899e-01 2.519377e-02 1.434573e-01 2.000303e-01 1.229051e-01 -9.542118e-02 -3.040479e-02 1.189134e-01 2.308021e-02 -1.368286e-02 -4.910983e-02 -2.081439e-02 2.475412e-02 7.135387e-02 -6.194116e-02 -5.816906e-02 3.369433e-02 5.132145e-02 -4.523202e-02 -1.988205e-02
<VARIANCE> 39
 2.186016e+01 2.629053e+01 1.248291e+01 2.352119e+01 1.418945e+01 2.278693e+01 2.012996e+01 1.393099e+01 2.895055e+01 2.413696e+01 1.095957e+01 1.684690e+01 5.652951e+00 1.192147e+00 1.306609e+00 1.891813e+00 1.919817e+00 1.929048e+00 3.016991e+00 2.671015e+00 1.347789e+00 2.568073e+00 2.319730e+00 1.604364e+00 1.509228e+00 2.420610e-01 1.346225e-01 1.387193e-01 3.383484e-01 3.602118e-01 3.810538e-01 5.455482e-01 5.632291e-01 2.789864e-01 4.459270e-01 5.200852e-01 3.739567e-01 2.543530e-01 4.187714e-02
<GCONST> 9.816000e+01
<TRANSP> 5
 0.000000e+00 1.000000e+00 0.000000e+00 0.000000e+00 0.000000e+00
 0.000000e+00 8.542954e-01 1.457047e-01 0.000000e+00 0.000000e+00
 0.000000e+00 0.000000e+00 9.099751e-01 9.002498e-02 0.000000e+00
 0.000000e+00 0.000000e+00 0.000000e+00 9.267714e-01 7.322856e-02
 0.000000e+00 0.000000e+00 0.000000e+00 0.000000e+00 0.000000e+00
<ENDHMM>
~h "n"
<BEGINHMM>
<NUMSTATES> 5
<STATE> 2
<MEAN> 39
 -3.305660e+00 -1.380919e+00 6.906322e+00 -7.709854e-01 3.462598e-01 -4.917139e+00 -5.165610e+00 -2.317127e+00 -3.868448e-01 -4.313089e+00 -1.912828e+00 -7.574182e+00 6.518324e+01 -5.510512e-02 -4.300819e-03 -4.104828e-01 8.889844e-02 2.907688e-01 -8.273605e-02 8.888613e-02 1.418323e-02 1.551995e-01 2.012149e-01 -4.070781e-01 -2.179560e-01 -5.305636e-02 -8.001847e-02 -1.394656e-01 5.698770e-02 -1.901189e-01 -2.471403e-01 -1.386548e-02 -4.457007e-02 1.573107e-01 2.548611e-02 4.423200e-02 2.110160e-01 1.749438e-02 2.702230e-02
<VARIANCE> 39
 7.808802e+00 1.733272e+01 2.477330e+01 1.441443e+01 1.614765e+01 1.514114e+01 2.360684e+01 3.069980e+01 3.120810e+01 2.233567e+01 2.012594e+01 1.643013e+01 6.737289e+00 5.892701e-01 1.452089e+00 2.177711e+00 1.919922e+00 2.306033e+00 1.431024e+00 1.766917e+00 3.077830e+00 1.928903e+00 1.776532e+00 2.648268e+00 1.496841e+00 5.627714e-01 5.992994e-02 2.511682e-01 3.669411e-01 3.457719e-01 3.780158e-01 2.612527e-01 2.918942e-01 5.167883e-01 3.582693e-01 3.094406e-01 4.259013e-01 2.417871e-01 1.004531e-01
<GCONST> 9.776166e+01
<STATE> 3
<MEAN> 39
 -5.625212e+00 -3.326926e+00 4.047444e+00 -2.214117e+00 -2.396234e-01 -5.787574e+00 -3.324304e+00 7.407370e-01 1.466853e+00 -2.459569e+00 -1.789004e+00 -6.428390e+00 6.365707e+01 -4.594384e-01 -3.000931e-01 -3.327567e-01 -3.960423e-01 -4.931388e-01 -1.560803e-01 1.356621e-01 3.721404e-01 1.194461e-01 3.243698e-01 3.777453e-01 2.749669e-01 -1.691460e-01 6.887911e-03 -7.689553e-02 -8.370452e-02 -8.857214e-02 -7.786053e-02 3.416627e-02 -1.325354e-01 -1.042096e-01 3.933465e-02 -8.770133e-02 2.252121e-02 -6.327989e-03 4.384717e-02
<VARIANCE> 39
 9.151293e+00 2.542939e+01 2.227433e+01 1.180200e+01 2.449086e+01 1.828075e+01 2.165096e+01 3.364621e+01 2.974688e+01 2.592136e+01 1.970223e+01 1.837514e+01 6.351706e+00 3.612150e-01 9.167375e-01 1.034924e+00 1.134476e+00 1.622082e+00 1.422119e+00 1.845353e+00 2.391655e+00 1.925637e+00 2.081153e+00 2.195690e+00 1.606610e+00 3.881159e-01 5.066942e-02 2.144995e-01 1.904603e-01 2.704455e-01 2.594323e-01 2.950367e-01 3.535478e-01 5.660853e-01 5.147492e-01 4.460825e-01 3.988121e-01 2.735266e-01 6.018837e-02
<GCONST> 9.469645e+01
<STATE> 4
<MEAN> 39
 -8.225497e+00 -4.882175e+00 1.498783e+00 -5.285934e+00 -2.066898e+00 -8.129589e+00 -3.520909e+00 4.140344e-01 1.602008e+00 -1.064079e+00 -8.895064e-01 -4.644757e+00 6.150399e+01 3.974631e-03 -1.018756e-01 -1.101736e-01 -8.670666e-02 -1.443778e-01 -3.808600e-02 -1.826337e-01 -1.201051e-01 -3.812545e-03 1.550373e-02 7.294130e-02 -7.515040e-02 7.568050e-02 4.083549e-02 -4.127202e-03 1.001103e-02 1.278314e-02 8.398114e-03 4.015246e-02 -1.403288e-02 -1.431286e-02 3.006761e-02 -2.940620e-02 -2.107280e-02 -3.194396e-02 3.565704e-02
<VARIANCE> 39
 9.178396e+00 1.696105e+01 1.961543e+01 1.833993e+01 2.714888e+01 3.411591e+01 2.995470e+01 3.073303e+01 2.938890e+01 2.506816e+01 2.133730e+01 1.875125e+01 9.583744e+00 5.698472e-01 9.691343e-01 1.196841e+00 1.449027e+00 1.728716e+00 2.066134e+00 2.338922e+00 2.373587e+00 2.536511e+00 2.455514e+00 1.946779e+00 1.575014e+00 3.485854e-01 8.428591e-02 1.753119e-01 1.756736e-01 2.503257e-01 2.863798e-01 3.799210e-01 4.441339e-01 4.530687e-01 4.350643e-01 5.130049e-01 3.802634e-01 3.047936e-01 4.452844e-02
<GCONST> 9.803341e+01
<TRANSP> 5
 0.000000e+00 1.000000e+00 0.000000e+00 0.000000e+00 0.000000e+00
 0.000000e+00 7.672784e-01 2.327216e-01 0.000000e+00 0.000000e+00
 0.000000e+00 0.000000e+00 6.460578e-01 3.539422e-01 0.000000e+00
 0.000000e+00 0.000000e+00 0.000000e+00 9.289571e-01 7.104286e-02
 0.000000e+00 0.000000e+00 0.000000e+00 0.000000e+00 0.000000e+00
<ENDHMM>
~h "o"
<BEGINHMM>
<NUMSTATES> 5
<STATE> 2
<MEAN> 39
 4.824571e+00 -8.012498e+00 -3.951689e+00 -5.798957e+00 -4.680449e+00 -9.922013e+00 -1.643705e+01 -9.362371e+00 7.238424e+00 -1.081140e+00 2.189042e+00 2.255093e+00 7.092678e+01 3.047688e-01 2.601467e-01 -1.194331e+00 -2.201346e-01 6.482190e-01 6.801952e-01 2.490904e-01 -3.738682e-01 3.205720e-01 6.926447e-01 2.925640e-01 3.801489e-01 -2.609446e-01 -8.824158e-02 7.021920e-02 1.878513e-01 -7.156568e-02 -7.780048e-02 6.952156e-02 9.261328e-02 1.026846e-01 -1.283898e-01 -1.305497e-01 1.083259e-01 -4.703150e-02 -2.858617e-02
<VARIANCE> 39
 6.521682e+00 8.404625e+00 3.771241e+01 2.097955e+01 1.249241e+01 2.721803e+01 1.010286e+01 1.560469e+01 1.078820e+01 1.690764e+01 1.403688e+01 1.698183e+01 2.833742e+00 2.828615e-01 5.534202e-01 2.145630e+00 1.661209e+00 8.191750e-01 1.206656e+00 8.941819e-01 1.831806e+00 1.333708e+00 3.233565e+00 1.014167e+00 1.036979e+00 4.996198e-02 3.131567e-02 1.224125e-01 1.556268e-01 2.535842e-01 1.005229e-01 2.456638e-01 1.813585e-01 2.948512e-01 2.856387e-01 5.233496e-01 1.939093e-01 1.682815e-01 9.241438e-03
<GCONST> 7.794637e+01
<STATE> 3
<MEAN> 39
 5.638245e-01 -3.430571e+00 -3.240434e+00 -8.544887e+00 -1.525071e+00 -5.071442e+00 -8.570978e+00 -6.638582e+00 5.239659e+00 2.019406e+00 5.297716e+00 1.424046e+00 6.448035e+01 -7.323191e-01 2.412420e-01 6.201059e-01 3.195390e-01 2.178875e-02 -1.223496e-01 4.766428e-01 3.455952e-01 -2.455373e-01 1.036474e-01 -2.605602e-01 -4.610527e-01 -5.235060e-01 -2.836295e-02 -3.628443e-02 -4.222891e-02 1.776202e-02 1.260332e-02 -4.116607e-02 -7.297766e-02 2.767244e-02 -1.246936e-02 -7.757347e-02 -2.157662e-02 -2.884440e-02 4.487341e-02
<VARIANCE> 39
 1.357943e+01 8.897665e+00 1.644769e+01 1.097769e+01 1.443735e+01 1.012975e+01 2.378045e+01 1.781088e+01 1.753539e+01 1.031457e+01 1.515104e+01 2.394850e+01 9.067906e+00 2.376704e-01 6.779214e-01 7.619802e-01 1.206139e+00 8.221447e-01 1.050750e+00 1.780372e+00 8.679261e-01 2.083438e+00 1.182747e+00 1.407312e+00 1.080456e+00 1.336855e-01 5.623719e-02 1.101428e-01 1.639973e-01 2.297888e-01 1.322781e-01 1.835469e-01 2.976413e-01 2.004152e-01 3.700613e-01 1.707756e-01 2.885221e-01 1.956487e-01 2.273015e-02
<GCONST> 7.936557e+01
<STATE> 4
<MEAN> 39
 -7.813600e+00 -5.202374e+00 -4.413159e-01 -6.377715e+00 -2.160055e+00 -8.063055e+00 -4.639696e+00 -3.008952e-01 2.167954e+00 2.694452e-01 6.185001e-02 -4.321755e+00 6.106677e+01 -1.376208e-01 -5.536770e-02 -1.218442e-01 -1.382198e-02 -6.002618e-02 -7.688712e-02 1.579496e-01 1.338164e-01 -1.731137e-01 -1.957627e-01 -1.159768e-01 -9.274212e-02 -9.006122e-03 2.922076e-02 -3.935368e-04 2.246846e-02 -7.223861e-03 -1.264878e-03 4.672463e-02 3.548181e-02 -2.181236e-02 1.648464e-02 -4.130132e-02 -2.469750e-02 2.618526e-02 1.658659e-03
<VARIANCE> 39
 6.115037e+00 1.436587e+01 1.648389e+01 1.881528e+01 1.277876e+01 2.013147e+01 3.906576e+01 2.121406e+01 3.060039e+01 2.744264e+01 1.862156e+01 3.824542e+01 5.270731e+00 5.646238e-01 1.089345e+00 1.027595e+00 1.326748e+00 1.097912e+00 1.744704e+00 2.967095e+00 2.580302e+00 2.007280e+00 1.902142e+00 1.967204e+00 1.374735e+00 4.558753e-01 7.895247e-02 1.890092e-01 1.880960e-01 2.522500e-01 2.236490e-01 3.481573e-01 5.234711e-01 4.728801e-01 3.790274e-01 3.976375e-01 3.845022e-01 1.883892e-01 8.026746e-02
<GCONST> 9.494020e+01
<TRANSP> 5
 0.000000e+00 1.000000e+00 0.000000e+00 0.000000e+00 0.000000e+00
 0.000000e+00 9.272819e-01 7.271808e-02 0.000000e+00 0.000000e+00
 0.000000e+00 0.000000e+00 9.090462e-01 9.095379e-02 0.000000e+00
 0.000000e+00 0.000000e+00 0.000000e+00 9.483961e-01 5.160393e-02
 0.000000e+00 0.000000e+00 0.000000e+00 0.000000e+00 0.000000e+00
<ENDHMM>
~h "r"
<BEGINHMM>
<NUMSTATES> 5
<STATE> 2
<MEAN> 39
 -3.330807e+00 -4.306466e+00 9.664683e-02 -3.899099e+00 -3.486514e+00 -5.924490e+00 -3.994370e+00 9.495591e-02 4.193854e+00 -2.263552e-01 4.090827e+00 -1.168321e+00 6.446406e+01 -7.368872e-01 -2.338335e-01 8.786054e-01 4.578074e-01 3.565972e-02 1.661031e-02 2.126815e-01 5.539558e-01 1.548725e-02 2.003179e-01 -9.778142e-02 -2.155283e-01 -3.008374e-01 -6.317592e-02 -7.573600e-02 -8.661625e-02 -9.457410e-02 -1.924404e-02 5.670819e-02 -2.028879e-02 -1.462108e-04 9.312604e-02 -1.298134e-01 -1.260827e-02 7.037517e-02 -1.345219e-02
<VARIANCE> 39
 2.369737e+01 1.569687e+01 3.882074e+01 2.078375e+01 4.280991e+01 3.607911e+01 3.539059e+01 2.665845e+01 2.140949e+01 2.825004e+01 1.466971e+01 2.210759e+01 2.239888e+01 1.235091e+00 9.737253e-01 1.699997e+00 2.116815e+00 2.909618e+00 2.122041e+00 1.852196e+00 1.758187e+00 2.602597e+00 1.943343e+00 1.439295e+00 2.358764e+00 8.336349e-01 3.050224e-01 1.338726e-01 4.100668e-01 3.836473e-01 4.121145e-01 5.300648e-01 2.629174e-01 4.815213e-01 3.897826e-01 5.300728e-01 3.557433e-01 2.782505e-01 1.186814e-01
<GCONST> 1.062476e+02
<STATE> 3
<MEAN> 39
 -7.112941e+00 -4.437927e+00 3.014651e+00 -3.105004e+00 -4.236485e+00 -6.720090e+00 -4.722902e+00 3.544502e-01 2.798400e+00 -1.710955e+00 1.739561e+00 -2.674772e+00 6.218278e+01 -2.487415e-01 -4.663231e-01 -1.871618e-02 -3.412679e-01 -6.581666e-01 -3.998126e-01 -4.345009e-01 2.476521e-01 1.849217e-01 -3.322236e-01 -3.377024e-01 -6.719734e-02 -8.576707e-02 4.857889e-02 4.165946e-02 -1.761178e-01 -9.042364e-02 3.119319e-02 1.588057e-02 3.340088e-03 -7.033270e-02 -5.233641e-02 6.731757e-03 1.968546e-02 5.746601e-02 5.396755e-03
<VARIANCE> 39
 1.791932e+01 1.910740e+01 2.576980e+01 1.374719e+01 5.399614e+01 4.280553e+01 4.332713e+01 2.046582e+01 1.897081e+01 3.201602e+01 2.265575e+01 1.563811e+01 2.972371e+01 6.853110e-01 6.353666e-01 1.932968e+00 1.334446e+00 2.765243e+00 2.173104e+00 2.074572e+00 2.188791e+00 2.090603e+00 2.762017e+00 1.787304e+00 1.799408e+00 4.066678e-01 1.255023e-01 9.686956e-02 2.616006e-01 3.024662e-01 4.824991e-01 4.434910e-01 4.491358e-01 5.102251e-01 5.057202e-01 4.828331e-01 3.525144e-01 3.164949e-01 6.376926e-02
<GCONST> 1.027147e+02
<STATE> 4
<MEAN> 39
 -5.212392e+00 -7.781577e+00 -2.623997e+00 -1.173598e+01 -6.081005e+00 -3.816677e+00 -4.091957e+00 -6.101998e-01 2.198488e+00 -1.950258e+00 1.751032e+00 -6.880621e+00 6.396095e+01 2.767287e-02 -7.049105e-02 -3.413112e-02 -1.866624e-01 1.517532e-01 1.127863e-03 -3.471497e-02 -6.247140e-02 -1.987342e-01 -8.259095e-02 5.454168e-02 5.188053e-02 -7.762454e-03 2.666803e-03 9.185315e-02 4.547750e-02 1.295791e-01 6.770115e-02 1.609969e-02 2.583042e-02 -3.253886e-02 -8.129285e-02 2.369620e-02 1.209989e-02 -1.381219e-02 5.739877e-03
<VARIANCE> 39
 1.138236e+01 1.395474e+01 4.893071e+01 2.261175e+01 3.524845e+01 3.288983e+01 4.119208e+01 1.991323e+01 3.779305e+01 2.394619e+01 2.618414e+01 3.770343e+01 1.290078e+01 4.157110e-01 8.974462e-01 1.889354e+00 1.196622e+00 1.885285e+00 2.034192e+00 1.661587e+00 2.495855e+00 3.103924e+00 2.463706e+00 2.054153e+00 2.039370e+00 2.282697e-01 5.725862e-02 1.248804e-01 2.012175e-01 2.024506e-01 3.353716e-01 3.106685e-01 2.853010e-01 3.964334e-01 6.758114e-01 3.523680e-01 2.655231e-01 3.679989e-01 4.214357e-02
<GCONST> 9.885578e+01
<TRANSP> 5
 0.000000e+00 1.000000e+00 0.000000e+00 0.000000e+00 0.000000e+00
 0.000000e+00 7.058086e-01 2.941915e-01 0.000000e+00 0.000000e+00
 0.000000e+00 0.000000e+00 7.322136e-01 2.677863e-01 0.000000e+00
 0.000000e+00 0.000000e+00 0.000000e+00 8.353936e-01 1.646063e-01
 0.000000e+00 0.000000e+00 0.000000e+00 0.000000e+00 0.000000e+00
<ENDHMM>
~h "s"
<BEGINHMM>
<NUMSTATES> 5
<STATE> 2
<MEAN> 39
 -8.934794e+00 -4.365552e+00 -1.275470e-01 -5.202852e+00 -3.419832e+00 -5.177702e+00 -3.949384e+00 -4.397262e-01 4.138457e+00 -4.911556e-01 1.040379e+00 -5.753321e+00 6.164132e+01 -5.167152e-02 4.989869e-02 -3.658325e-02 -1.837163e-02 -4.963011e-02 3.084122e-02 5.139471e-02 -6.142039e-02 -3.209166e-02 -4.061176e-03 4.062441e-02 2.235315e-02 -7.648338e-02 2.123327e-03 1.130528e-02 2.116356e-02 1.302411e-02 3.736880e-03 -1.452341e-02 -8.868726e-03 7.803760e-03 -3.624570e-02 -2.660512e-02 -7.738335e-03 1.056877e-02 8.415414e-04
<VARIANCE> 39
 1.197797e+01 1.127382e+01 1.274549e+01 1.437056e+01 2.461988e+01 2.521660e+01 2.066860e+01 2.254313e+01 2.545109e+01 2.237673e+01 2.589151e+01 2.326084e+01 6.338736e+00 3.790944e-01 6.150976e-01 8.454175e-01 9.874443e-01 1.508647e+00 1.811250e+00 1.605258e+00 1.982709e+00 1.869058e+00 1.846502e+00 1.920782e+00 1.760338e+00 1.675285e-01 5.015068e-02 1.007069e-01 1.330133e-01 1.678746e-01 2.834482e-01 3.500631e-01 3.051194e-01 3.793166e-01 3.853363e-01 3.719088e-01 3.511606e-01 3.361412e-01 2.078073e-02
<GCONST> 8.864711e+01
<STATE> 3
<MEAN> 39
 -1.091764e+01 -3.576911e+00 -2.261833e+00 -4.610783e+00 -5.183049e+00 -2.815046e+00 -5.472827e+00 -1.012370e+00 3.394792e+00 -1.895963e+00 4.008957e+00 -6.007348e+00 6.292384e+01 -2.294485e-01 1.286512e-01 -1.366157e-01 1.034099e-01 -1.423768e-01 2.914958e-01 -2.214077e-01 -6.685223e-02 -6.027331e-02 -6.310650e-02 1.469456e-01 -1.329668e-01 2.704019e-01 3.371604e-02 -4.537220e-02 3.472511e-02 5.477140e-03 3.401983e-02 -1.429106e-02 1.057833e-03 2.948482e-03 1.125702e-02 -3.656194e-03 -4.949717e-02 -5.447588e-03 1.079144e-02
<VARIANCE> 39
 1.553137e+01 1.647936e+01 2.718553e+01 2.115209e+01 2.954106e+01 2.856960e+01 2.228427e+01 2.856380e+01 3.241739e+01 2.383420e+01 2.884449e+01 2.508576e+01 8.140902e+00 6.019750e-01 7.849714e-01 1.131606e+00 1.355141e+00 1.366250e+00 1.927191e+00 1.650182e+00 1.839918e+00 2.348274e+00 1.768104e+00 1.922275e+00 1.692828e+00 2.209641e-01 7.688339e-02 1.243814e-01 1.959291e-01 2.349493e-01 2.350304e-01 3.752452e-01 3.242871e-01 3.398553e-01 4.138476e-01 3.421567e-01 3.779629e-01 3.167895e-01 3.164633e-02
<GCONST> 9.505983e+01
<STATE> 4
<MEAN> 39
 -1.230940e+01 -2.166194e+00 -2.012732e+00 -2.862605e+00 -6.740055e+00 -2.027367e+00 -7.287618e+00 -1.574721e+00 2.782155e+00 -3.357497e+00 4.190752e+00 -6.279715e+00 6.579307e+01 1.296545e+00 -4.346128e-01 7.906502e-01 -1.218322e-01 -8.066675e-02 -1.037854e+00 -7.918059e-01 1.114796e-01 2.008827e-01 -1.466329e-01 -4.474520e-01 -4.762572e-01 6.613834e-01 4.967618e-01 -2.195409e-01 2.178595e-01 -2.007117e-01 -2.398356e-01 -4.075697e-01 -3.757532e-01 5.967783e-02 9.881138e-02 3.214355e-02 2.648743e-02 -2.241180e-01 2.350767e-01
<VARIANCE> 39
 1.777825e+01 1.207604e+01 1.786306e+01 2.086606e+01 2.174416e+01 2.246860e+01 2.153175e+01 1.664779e+01 2.163729e+01 1.460094e+01 2.506478e+01 2.110359e+01 6.863390e+00 3.336063e+00 9.521737e-01 1.623023e+00 1.844283e+00 2.178998e+00 2.838851e+00 2.518929e+00 2.074641e+00 2.391884e+00 1.502385e+00 1.991635e+00 2.768746e+00 6.543274e-01 3.080317e-01 1.481880e-01 2.208739e-01 2.724951e-01 5.309442e-01 4.151619e-01 4.262155e-01 3.217471e-01 4.746696e-01 3.581432e-01 5.445243e-01 4.504501e-01 1.198247e-01
<GCONST> 1.025884e+02
<TRANSP> 5
 0.000000e+00 1.000000e+00 0.000000e+00 0.000000e+00 0.000000e+00
 0.000000e+00 9.518747e-01 4.812526e-02 0.000000e+00 0.000000e+00
 0.000000e+00 0.000000e+00 9.133813e-01 8.661867e-02 0.000000e+00
 0.000000e+00 0.000000e+00 0.000000e+00 7.507787e-01 2.492212e-01
 0.000000e+00 0.000000e+00 0.000000e+00 0.000000e+00 0.000000e+00
<ENDHMM>
~h "t"
<BEGINHMM>
<NUMSTATES> 5
<STATE> 2
<MEAN> 39
 -2.630436e+00 -8.567512e+00 1.283367e+01 -1.085094e+01 -2.606826e+01 -4.783837e+00 -9.023944e+00 2.416165e+00 2.334089e+00 -1.137327e+01 1.471992e+01 -1.259371e+01 7.600053e+01 -2.661192e-01 7.424226e-01 1.194533e+00 3.310401e-01 -1.888876e-01 -1.878963e-01 -6.655508e-01 -1.199909e+00 -1.075282e+00 -1.466595e-02 9.974428e-01 7.159346e-01 -3.327900e-01 -2.803939e-02 3.155764e-02 -7.779364e-03 1.646863e-01 3.431568e-01 5.761717e-02 -1.284021e-01 -1.223931e-01 -3.413455e-03 -5.937051e-02 -1.823614e-01 7.543422e-02 -1.411292e-01
<VARIANCE> 39
 2.827481e+00 9.416755e+00 3.875698e+01 8.726970e+00 3.291652e+01 1.000157e+01 1.301662e+01 2.351818e+01 2.467826e+01 1.971847e+01 4.174941e+01 1.110572e+01 1.430472e+01 1.012859e-01 3.276961e-01 4.228058e-01 6.337727e-01 1.121411e+00 8.057865e-01 1.069283e+00 1.391514e+00 8.680458e-01 1.222538e+00 1.506130e+00 5.385049e-01 1.358383e-01 1.941084e-02 5.233767e-02 5.021737e-02 6.784020e-02 1.853499e-01 1.642788e-01 1.659203e-01 2.550701e-01 2.363078e-01 2.313062e-01 1.717201e-01 1.433611e-01 3.451955e-02
<GCONST> 7.151285e+01
<STATE> 3
<MEAN> 39
 -4.635672e+00 -1.981628e+00 2.009726e+01 -4.020522e+00 -1.791663e+01 -3.129179e+00 -1.455392e+01 -5.823417e+00 -1.856456e+00 -1.460182e+01 1.271811e+01 -5.701312e+00 7.050654e+01 7.909358e-02 1.532492e-01 -5.416756e-01 4.525894e-01 1.493963e+00 1.416384e-01 5.532899e-01 2.517081e-01 2.901718e-01 2.897571e-01 -1.240413e+00 3.139023e-01 -7.310088e-01 3.289780e-02 -1.178964e-01 -3.354527e-01 -1.539728e-01 1.148731e-01 -5.664520e-02 3.121344e-01 1.845484e-01 1.130326e-01 2.853744e-01 -1.426824e-01 -7.038479e-02 -7.866994e-02
<VARIANCE> 39
 2.226406e+00 4.680260e+00 3.886104e+01 1.477988e+01 4.924437e+01 1.251178e+01 3.378067e+01 1.937405e+01 2.332722e+01 3.028893e+01 4.871562e+01 1.102272e+01 1.414104e+01 1.511433e-01 4.714006e-01 2.701424e+00 9.729369e-01 1.538756e+00 7.610678e-01 3.580392e+00 2.012453e+00 1.660755e+00 3.331294e+00 2.215196e+00 8.939498e-01 3.403983e-01 2.674680e-02 4.262078e-02 1.702398e-01 2.042988e-01 2.634632e-01 1.531816e-01 4.781642e-01 3.133577e-01 3.392850e-01 2.993199e-01 3.190757e-01 1.138114e-01 4.274988e-02
<GCONST> 8.655199e+01
<STATE> 4
<MEAN> 39
 -8.158882e+00 -4.052903e+00 1.092849e+00 -3.700658e+00 -4.356216e+00 -4.090191e+00 -5.177593e+00 -2.447852e+00 3.023260e+00 -1.759727e+00 5.915356e-01 -5.900467e+00 6.291097e+01 -1.938465e-01 1.420368e-02 -4.193576e-01 -4.495621e-02 1.923151e-01 -4.872603e-02 1.130001e-01 -1.066323e-01 -3.542271e-02 1.488601e-01 3.769986e-03 3.757406e-02 -1.243849e-01 -1.247908e-02 2.466177e-02 1.233238e-01 2.264639e-02 -9.790367e-02 4.230209e-02 -8.666035e-02 -3.293279e-02 -4.321524e-02 -7.731043e-02 1.237502e-01 1.701627e-02 6.539556e-02
<VARIANCE> 39
 1.262244e+01 1.294420e+01 2.545046e+01 1.369467e+01 2.219139e+01 3.018543e+01 2.319963e+01 2.087867e+01 2.710433e+01 2.569003e+01 3.294885e+01 1.824800e+01 8.592496e+00 5.822893e-01 5.670783e-01 2.022369e+00 1.133634e+00 1.509943e+00 2.109596e+00 2.245332e+00 1.596157e+00 1.729581e+00 2.365132e+00 2.751018e+00 1.222034e+00 4.203508e-01 7.764821e-02 9.702332e-02 2.402870e-01 1.705878e-01 2.862652e-01 3.561981e-01 5.115304e-01 3.390095e-01 3.028346e-01 4.216313e-01 4.884087e-01 2.228717e-01 5.173123e-02
<GCONST> 9.496825e+01
<TRANSP> 5
 0.000000e+00 1.000000e+00 0.000000e+00 0.000000e+00 0.000000e+00
 0.000000e+00 8.446281e-01 1.553719e-01 0.000000e+00 0.000000e+00
 0.000000e+00 0.000000e+00 8.728105e-01 1.271894e-01 0.000000e+00
 0.000000e+00 0.000000e+00 0.000000e+00 9.408973e-01 5.910265e-02
 0.000000e+00 0.000000e+00 0.000000e+00 0.000000e+00 0.000000e+00
<ENDHMM>
~h "u"
<BEGINHMM>
<NUMSTATES> 5
<STATE> 2
<MEAN> 39
 -5.693954e+00 -2.974585e+00 1.535804e+00 -4.514408e+00 -3.092592e+00 -4.437938e+00 -5.074051e+00 -1.337787e+00 3.522856e+00 2.093824e+00 2.371517e+00 -4.060153e+00 6.163532e+01 -1.371704e-02 -4.307699e-03 1.294224e-01 2.548962e-02 3.974021e-02 7.898977e-02 -1.380710e-01 -9.241459e-02 -4.404819e-02 1.213985e-01 2.345149e-01 1.048470e-01 -6.311371e-02 -1.230361e-02 -2.369957e-02 2.343698e-02 -1.530906e-02 -4.866720e-02 -1.103809e-02 2.173301e-02 6.884975e-02 1.873508e-02 -1.548055e-02 -3.378576e-02 -5.647257e-02 3.121395e-02
<VARIANCE> 39
 3.024757e+00 5.781568e+00 2.121067e+01 9.038278e+00 7.724545e+00 2.832590e+01 2.069999e+01 1.082920e+01 1.106710e+01 2.412034e+01 2.034420e+01 2.388870e+01 3.628881e+00 1.349471e-01 3.929618e-01 1.650466e+00 9.978785e-01 8.508009e-01 2.858545e+00 2.066910e+00 1.522269e+00 1.817731e+00 1.160561e+00 1.987596e+00 1.572505e+00 9.886972e-02 2.815556e-02 6.872370e-02 2.776677e-01 2.106847e-01 1.207749e-01 4.862389e-01 4.225330e-01 3.301330e-01 3.360321e-01 2.512070e-01 3.880658e-01 2.566835e-01 1.067747e-02
<GCONST> 7.961740e+01
<STATE> 3
<MEAN> 39
 -8.192795e+00 -8.882570e-01 3.081099e+00 -5.929700e+00 -3.480663e+00 -8.296017e+00 -1.093054e+00 5.033696e-01 -1.751415e+00 1.891503e-01 4.082778e-01 -3.654037e+00 6.054337e+01 -3.762125e-02 1.206896e-01 -7.457618e-02 -4.739042e-02 9.729400e-02 1.015379e-01 2.067431e-01 8.871672e-02 -2.205629e-01 -1.281852e-02 -8.378539e-02 -1.145355e-01 -1.615538e-02 -3.137827e-02 4.828273e-03 -6.397916e-02 -1.354278e-02 4.669351e-02 5.624017e-02 -4.190914e-02 -1.780463e-02 2.130605e-02 4.883444e-02 3.121920e-02 -2.545380e-02 1.251245e-02
<VARIANCE> 39
 8.983394e+00 9.280559e+00 1.704620e+01 1.089137e+01 1.457169e+01 2.934001e+01 2.592429e+01 1.570303e+01 2.046459e+01 1.879723e+01 2.135650e+01 1.398188e+01 5.081500e+00 3.116547e-01 3.752683e-01 8.222211e-01 7.471147e-01 1.134724e+00 2.197342e+00 1.799832e+00 1.937600e+00 1.710771e+00 2.545528e+00 1.587739e+00 1.179231e+00 1.657131e-01 6.102610e-02 7.909145e-02 1.442016e-01 1.076295e-01 1.695324e-01 4.390377e-01 4.070078e-01 4.671247e-01 3.403234e-01 5.651165e-01 3.013080e-01 2.178572e-01 3.429736e-02
<GCONST> 8.499709e+01
<STATE> 4
<MEAN> 39
 -3.275954e+00 -1.416291e+00 5.503054e+00 -3.838194e+00 -2.385766e+00 -3.213981e+00 -1.287904e+01 -6.124032e+00 -4.776310e+00 -6.221423e+00 4.360674e+00 -4.991986e+00 6.684751e+01 -2.401950e-02 8.896864e-02 1.485504e-02 1.425661e-01 1.697662e-01 4.840967e-02 -1.767024e-01 -2.194587e-01 8.111969e-02 2.402070e-02 -8.894625e-02 -2.111812e-02 4.056574e-02 -1.288638e-02 -3.106579e-02 -2.115166e-02 7.549553e-03 -3.836222e-03 -3.467495e-02 2.179909e-02 4.022045e-03 6.382219e-02 -4.283633e-03 -6.324439e-02 -2.511151e-02 1.733891e-03
<VARIANCE> 39
 3.494440e+01 1.283402e+01 2.020202e+01 1.757862e+01 3.005925e+01 1.927287e+01 7.509924e+01 3.778916e+01 4.270336e+01 3.630537e+01 3.377530e+01 1.893368e+01 2.628178e+01 2.917307e+00 9.365130e-01 1.526230e+00 1.225747e+00 2.619786e+00 1.771891e+00 5.351230e+00 2.629374e+00 3.436421e+00 2.680348e+00 2.376128e+00 1.748223e+00 1.226827e+00 4.428809e-01 1.448025e-01 2.348188e-01 2.042652e-01 4.706116e-01 2.534052e-01 6.789323e-01 3.589267e-01 4.465952e-01 3.721858e-01 3.096119e-01 3.023259e-01 1.174904e-01
<GCONST> 1.090765e+02
<TRANSP> 5
 0.000000e+00 1.000000e+00 0.000000e+00 0.000000e+00 0.000000e+00
 0.000000e+00 9.283406e-01 7.165946e-02 0.000000e+00 0.000000e+00
 0.000000e+00 0.000000e+00 9.390147e-01 6.098535e-02 0.000000e+00
 0.000000e+00 0.000000e+00 0.000000e+00 9.666225e-01 3.337753e-02
 0.000000e+00 0.000000e+00 0.000000e+00 0.000000e+00 0.000000e+00
<ENDHMM>
~h "v"
<BEGINHMM>
<NUMSTATES> 5
<STATE> 2
<MEAN> 39
 -1.072906e+00 -6.771347e+00 7.419686e+00 -3.770820e+00 -4.243720e+00 -9.908013e+00 -1.474787e+01 6.049073e-01 4.449427e+00 -3.427910e+00 4.319390e+00 -6.490923e+00 7.044608e+01 -1.299278e-01 6.321703e-01 -6.464773e-01 3.876452e-01 1.042733e+00 1.007470e+00 6.776209e-01 -3.109506e-01 5.068885e-01 1.073309e+00 -1.266806e+00 -5.780276e-01 -5.247530e-01 -5.754977e-02 8.411670e-02 1.778443e-01 6.186287e-02 -2.936738e-01 1.874641e-01 2.459272e-01 -2.442138e-01 -1.511149e-01 9.555647e-02 3.504437e-02 -3.132973e-02 -6.195126e-02
<VARIANCE> 39
 6.820576e+00 1.511633e+01 1.155536e+01 3.003393e+01 1.485466e+01 2.223880e+01 9.599710e+00 3.487735e+01 2.637511e+01 1.629118e+01 1.146116e+01 6.403142e+01 1.157008e+01 4.239107e-01 1.171610e+00 1.118866e+00 1.810408e+00 2.623924e+00 1.433104e+00 1.252630e+00 2.555815e+00 1.933074e+00 2.250861e+00 1.478171e+00 1.753042e+00 4.546777e-01 8.963379e-02 2.643799e-01 1.312207e-01 6.786267e-01 3.698274e-01 3.498873e-01 2.290658e-01 6.526942e-01 5.698624e-01 3.300495e-01 2.311525e-01 4.514738e-01 1.186522e-01
<GCONST> 9.684592e+01
<STATE> 3
<MEAN> 39
 -2.395060e+00 -2.905936e+00 5.869958e+00 -3.170731e+00 -7.162169e-01 -6.802829e+00 -1.062177e+01 6.393571e-01 5.903548e+00 1.152591e+00 1.857485e+00 -7.047425e+00 6.676535e+01 -4.501176e-01 5.861273e-01 -1.266866e-01 3.681129e-01 3.884930e-01 8.439195e-01 1.250592e+00 -6.028264e-01 -3.378515e-01 5.112997e-01 -5.045640e-01 -1.015212e-01 -5.543005e-01 -2.633626e-02 3.459940e-03 1.477324e-01 1.755926e-01 -3.789023e-02 -2.128209e-01 -5.102997e-03 -1.162081e-01 -3.540733e-01 -2.118500e-01 2.555407e-01 2.504815e-01 -6.044009e-02
<VARIANCE> 39
 1.218550e+01 2.611552e+01 1.031896e+01 2.180515e+01 2.192767e+01 1.879740e+01 2.065812e+01 1.954421e+01 2.964769e+01 1.911090e+01 1.055620e+01 3.024834e+01 1.336822e+01 9.592452e-01 1.592877e+00 8.998442e-01 2.732619e+00 1.116479e+00 1.613007e+00 2.107519e+00 2.025065e+00 2.745577e+00 1.770969e+00 1.776024e+00 1.772699e+00 6.494037e-01 1.551780e-01 3.091582e-01 1.124151e-01 4.027147e-01 2.637829e-01 3.512540e-01 3.542267e-01 3.646276e-01 5.469065e-01 2.964925e-01 3.405446e-01 2.214031e-01 9.545928e-02
<GCONST> 9.792578e+01
<STATE> 4
<MEAN> 39
 -6.259455e+00 -5.047546e+00 1.715853e+00 -5.109997e+00 -1.799145e+00 -5.686886e+00 -4.662308e+00 -1.837268e+00 3.179224e+00 8.947947e-01 1.014220e+00 -3.729600e+00 6.289851e+01 -9.182935e-02 -1.031957e-02 -1.457737e-01 -4.738197e-02 -2.691986e-02 4.796867e-02 1.591139e-01 -5.934378e-02 -1.414557e-01 -4.191579e-02 -1.021091e-01 1.041116e-02 -1.767657e-01 8.979386e-03 -1.127232e-03 9.920327e-03 3.063218e-03 1.289392e-02 -5.959237e-02 -4.201781e-02 2.547842e-02 -2.148470e-02 -2.945505e-02 2.543218e-02 -1.297163e-02 1.348726e-02
<VARIANCE> 39
 1.124389e+01 1.675810e+01 2.817074e+01 2.190836e+01 3.293837e+01 3.542218e+01 2.550683e+01 2.747676e+01 2.477947e+01 2.321968e+01 2.713572e+01 2.396602e+01 1.135930e+01 4.770952e-01 1.055139e+00 1.064597e+00 1.865587e+00 2.512464e+00 2.174341e+00 1.947819e+00 2.188047e+00 2.772377e+00 2.035455e+00 1.832376e+00 1.727445e+00 3.234434e-01 7.576124e-02 1.270210e-01 1.605814e-01 2.490174e-01 4.375604e-01 4.017888e-01 3.677935e-01 3.175229e-01 4.647906e-01 3.869078e-01 3.693342e-01 3.118690e-01 3.369031e-02
<GCONST> 9.810326e+01
<TRANSP> 5
 0.000000e+00 1.000000e+00 0.000000e+00 0.000000e+00 0.000000e+00
 0.000000e+00 7.209554e-01 2.790446e-01 0.000000e+00 0.000000e+00
 0.000000e+00 0.000000e+00 6.741934e-01 3.258065e-01 0.000000e+00
 0.000000e+00 0.000000e+00 0.000000e+00 9.325514e-01 6.744868e-02
 0.000000e+00 0.000000e+00 0.000000e+00 0.000000e+00 0.000000e+00
<ENDHMM>
~h "w"
<BEGINHMM>
<NUMSTATES> 5
<STATE> 2
<MEAN> 39
 -7.615016e+00 -6.737775e+00 1.586886e+00 -6.349254e+00 -2.347440e+00 -5.243173e+00 -3.155920e+00 -1.335806e-01 -2.614756e-02 -9.016573e-01 1.395090e+00 -2.848271e+00 6.082830e+01 -3.745838e-02 -5.906608e-02 1.333283e-02 -1.716007e-02 3.152821e-02 5.095299e-02 4.463259e-02 -6.064002e-02 1.243056e-02 1.434862e-02 -2.012551e-01 -1.818159e-02 -7.787736e-02 1.394211e-02 2.321256e-02 -5.442983e-03 2.463308e-02 4.844455e-02 4.244559e-02 1.162964e-02 -2.700461e-02 2.134399e-02 9.393289e-03 -4.169500e-02 -5.187524e-02 2.655836e-02
<VARIANCE> 39
 2.461710e+00 1.122260e+01 9.773533e+00 1.551032e+01 1.714697e+01 3.368031e+01 2.860932e+01 2.123273e+01 1.687829e+01 2.316676e+01 2.509981e+01 1.816280e+01 4.504262e+00 1.717102e-01 5.876699e-01 7.043900e-01 1.001174e+00 1.544649e+00 1.565241e+00 1.934179e+00 1.668301e+00 1.589599e+00 2.300388e+00 2.358312e+00 2.144387e+00 1.209725e-01 3.655214e-02 1.012651e-01 1.444804e-01 1.851729e-01 2.407093e-01 2.734053e-01 4.007383e-01 3.275096e-01 3.317590e-01 4.559594e-01 4.580217e-01 4.645005e-01 2.100946e-02
<GCONST> 8.532703e+01
<STATE> 3
<MEAN> 39
 -6.917024e+00 -5.015765e+00 1.236121e+00 -5.023479e+00 -1.202571e+00 -4.848272e+00 -4.012439e+00 -2.901449e+00 1.797242e+00 -5.722834e-02 -4.166250e-01 -4.409999e+00 6.196629e+01 4.614883e-01 5.793767e-01 3.176870e-01 1.166308e-01 -2.904010e-01 -1.101227e-01 -9.946488e-02 5.382613e-02 -1.613281e-01 -4.040008e-01 -3.445337e-02 -1.201430e-01 3.953345e-01 1.516813e-01 1.130461e-01 9.191093e-02 -1.217463e-01 -2.549503e-01 -2.034145e-01 -1.814986e-01 2.243876e-02 -4.434393e-02 -9.495001e-02 1.631277e-02 -2.362001e-02 8.150130e-02
<VARIANCE> 39
 7.187100e+00 4.123661e+01 1.479448e+01 1.523352e+01 3.107231e+01 2.839610e+01 2.747380e+01 1.908991e+01 2.565502e+01 2.795945e+01 2.761780e+01 2.058696e+01 6.511384e+00 9.974208e-01 1.444442e+00 1.686710e+00 1.251126e+00 2.785288e+00 2.611380e+00 1.686202e+00 1.559185e+00 2.087583e+00 2.880085e+00 1.887059e+00 2.120156e+00 2.863607e-01 1.310324e-01 2.263011e-01 2.432829e-01 2.458688e-01 4.169793e-01 4.964949e-01 3.903800e-01 3.532869e-01 3.702491e-01 5.970330e-01 3.509919e-01 4.579754e-01 4.494585e-02
<GCONST> 1.002861e+02
<STATE> 4
<MEAN> 39
 1.876984e+00 -6.629139e+00 1.184491e+00 -1.405378e+01 -1.007658e+01 2.414101e+00 -9.441520e+00 -2.306412e+00 3.465135e+00 -6.944910e+00 2.153617e+00 -1.243652e+01 7.213878e+01 1.772943e-01 -5.854216e-01 -3.856227e-02 -1.217231e-01 -1.471019e-01 3.669967e-01 -1.662340e-01 3.860414e-03 3.918004e-01 -1.002311e-01 -3.266140e-01 -4.633031e-01 4.120922e-01 -9.747383e-02 4.102148e-02 1.412457e-02 1.380738e-01 1.393733e-01 -3.883652e-02 6.534844e-02 -5.539515e-02 -8.157013e-02 1.240862e-01 1.232234e-02 6.782279e-02 -1.130244e-01
<VARIANCE> 39
 4.192014e+00 6.740199e+01 2.017852e+01 4.108715e+01 1.722352e+01 9.050355e+01 1.774844e+01 9.811058e+00 3.552988e+01 2.197552e+01 6.335892e+01 6.435749e+01 2.002270e+01 5.156526e-01 2.279123e+00 1.377245e+00 3.269469e+00 2.034002e+00 4.573597e+00 1.553893e+00 1.329841e+00 1.832369e+00 3.370588e+00 5.449551e+00 4.194097e+00 7.198049e-01 4.102329e-02 2.744103e-01 1.387769e-01 2.747979e-01 2.786014e-01 4.611045e-01 2.164566e-01 2.830297e-01 3.664901e-01 6.232395e-01 7.596870e-01 6.598380e-01 4.641367e-02
<GCONST> 1.059313e+02
<TRANSP> 5
 0.000000e+00 1.000000e+00 0.000000e+00 0.000000e+00 0.000000e+00
 0.000000e+00 9.370227e-01 6.297726e-02 0.000000e+00 0.000000e+00
 0.000000e+00 0.000000e+00 8.939305e-01 1.060695e-01 0.000000e+00
 0.000000e+00 0.000000e+00 0.000000e+00 9.548922e-01 4.510777e-02
 0.000000e+00 0.000000e+00 0.000000e+00 0.000000e+00 0.000000e+00
<ENDHMM>
~h "z"
<BEGINHMM>
<NUMSTATES> 5
<STATE> 2
<MEAN> 39
 -5.969144e+00 -7.666602e+00 -2.553747e+00 -7.132720e+00 -3.475269e+00 -4.995646e+00 -6.674360e+00 -1.124801e+00 2.811938e+00 -4.547544e+00 -2.658894e+00 -5.949371e+00 6.191882e+01 7.341653e-02 1.036364e-01 2.456704e-01 5.219323e-02 1.481081e-01 -9.230183e-03 -5.713157e-02 -4.385132e-02 -1.872386e-01 -1.774115e-01 -1.226506e-01 2.680708e-01 -4.430026e-02 7.180009e-03 1.049575e-01 4.072098e-02 4.412515e-02 1.209643e-02 1.771986e-02 6.077728e-02 -9.571515e-03 -2.291962e-02 5.552508e-02 7.297871e-02 5.502345e-02 1.224621e-03
<VARIANCE> 39
 9.348927e+00 1.623853e+01 9.978873e+00 1.817941e+01 1.370369e+01 1.418751e+01 1.416777e+01 2.202724e+01 2.594992e+01 2.701154e+01 3.110494e+01 2.386867e+01 2.473794e+00 2.220694e-01 1.302655e+00 6.436340e-01 9.415764e-01 1.382690e+00 1.408108e+00 1.391345e+00 1.748361e+00 2.315808e+00 2.298897e+00 2.234697e+00 2.383865e+00 9.257158e-02 3.098657e-02 2.121883e-01 1.281180e-01 1.799308e-01 2.795485e-01 2.586894e-01 2.259385e-01 3.235692e-01 4.223256e-01 4.298744e-01 4.500797e-01 4.890593e-01 1.439639e-02
<GCONST> 8.626365e+01
<STATE> 3
<MEAN> 39
 -6.584412e+00 -3.238064e+00 3.781498e+00 -5.499180e+00 -4.425511e+00 -1.087281e+01 -6.251465e+00 -5.275983e+00 -1.445707e+00 -1.465107e+00 1.198573e+00 -4.440292e+00 5.999755e+01 3.344390e-02 1.034731e-01 1.541505e-01 1.859092e-01 4.653060e-02 1.762735e-01 9.166259e-02 -6.170661e-02 1.022851e-02 -2.141561e-02 -5.089023e-02 -1.508382e-01 -2.176813e-03 -9.065927e-03 1.961030e-03 7.696463e-03 6.220464e-02 1.483488e-02 4.337911e-02 -1.785165e-02 8.493288e-04 4.082266e-02 -3.147493e-02 -5.185816e-02 -6.368378e-02 3.273586e-02
<VARIANCE> 39
 3.974148e+00 8.619842e+00 1.047036e+01 1.357992e+01 1.859802e+01 2.521828e+01 1.090126e+01 2.603404e+01 1.417918e+01 2.275543e+01 2.446317e+01 2.469791e+01 3.405654e+00 2.638861e-01 6.984211e-01 6.480388e-01 1.116104e+00 1.428555e+00 1.851985e+00 1.173083e+00 2.082898e+00 9.193461e-01 2.538426e+00 1.397418e+00 2.243853e+00 1.457570e-01 3.573639e-02 9.570721e-02 1.059797e-01 1.841569e-01 2.675801e-01 4.075055e-01 2.601434e-01 4.055292e-01 1.837842e-01 4.744059e-01 2.453733e-01 5.244778e-01 1.793078e-02
<GCONST> 8.269778e+01
<STATE> 4
<MEAN> 39
 -5.939705e+00 3.120324e+00 5.160593e+00 2.379292e+00 -4.174127e-01 -1.924810e+00 -6.890675e+00 -5.599655e+00 1.060597e+00 -4.793021e+00 -2.162354e-01 -7.092473e+00 6.366493e+01 -3.994203e-01 1.264211e+00 1.552363e-02 1.387773e+00 -1.434331e-01 3.244779e-01 -1.381094e-01 -3.991967e-01 1.723125e-01 -4.832346e-01 7.284482e-01 -2.486346e-01 5.696728e-01 -1.744895e-01 -8.556630e-02 -1.283813e-01 -1.151986e-01 -9.447420e-02 -1.404319e-01 1.150494e-01 3.375969e-02 1.336406e-01 -1.053324e-01 9.112129e-02 1.405256e-01 -1.675620e-02
<VARIANCE> 39
 8.188736e+00 1.840481e+01 1.435390e+01 2.935674e+01 1.153208e+01 2.376557e+01 2.319674e+01 1.853672e+01 2.162295e+01 1.374541e+01 2.146317e+01 8.738908e+00 6.026959e+00 9.887330e-01 1.025085e+00 1.352095e+00 1.057498e+00 1.219957e+00 1.388917e+00 3.071576e+00 2.053787e+00 1.577306e+00 1.698993e+00 1.592663e+00 1.797923e+00 1.704731e-01 1.415235e-01 2.239862e-01 1.938874e-01 2.174702e-01 2.087773e-01 2.582113e-01 4.883475e-01 3.505832e-01 3.269105e-01 3.237704e-01 3.377028e-01 3.151303e-01 3.174146e-02
<GCONST> 9.090765e+01
<TRANSP> 5
 0.000000e+00 1.000000e+00 0.000000e+00 0.000000e+00 0.000000e+00
 0.000000e+00 9.361205e-01 6.387961e-02 0.000000e+00 0.000000e+00
 0.000000e+00 0.000000e+00 9.165045e-01 8.349548e-02 0.000000e+00
 0.000000e+00 0.000000e+00 0.000000e+00 8.612560e-01 1.387440e-01
 0.000000e+00 0.000000e+00 0.000000e+00 0.000000e+00 0.000000e+00
<ENDHMM>
~h "O:"
<BEGINHMM>
<NUMSTATES> 5
<STATE> 2
<MEAN> 39
 3.254553e+00 -3.730977e+00 -1.199535e-01 -2.145778e+01 -1.877600e+01 5.974047e+00 -2.377250e+00 -1.069849e+01 2.122444e+00 -6.426381e+00 1.263491e+01 -4.342417e+00 7.267997e+01 1.666643e-01 -3.677716e-01 -1.766740e-01 -5.698589e-01 -1.269853e+00 -3.492420e-02 6.094418e-01 -3.961545e-01 6.379814e-01 -2.493010e-01 7.991140e-01 8.151322e-02 2.819206e-01 -2.961145e-01 -8.515720e-02 -7.624956e-02 7.335941e-01 5.768199e-01 -3.958910e-01 1.599593e-02 1.954110e-01 -8.007458e-02 6.554652e-02 -4.050416e-01 1.096833e-01 -2.659489e-01
<VARIANCE> 39
 1.225407e+00 8.066260e+00 4.735905e+00 8.901520e+00 1.400508e+01 1.317499e+01 8.214982e+00 1.055353e+01 1.297027e+01 1.139142e+01 1.311327e+01 8.481228e+00 1.768990e+00 2.035609e-01 2.573071e-01 3.169205e-01 2.111359e+00 1.774008e+00 1.388677e+00 5.751336e-01 8.268124e-01 1.423156e+00 6.222048e-01 1.238643e+00 1.029210e+00 1.806335e-01 2.145372e-01 6.749325e-02 6.684940e-02 2.140476e-01 1.570123e-01 1.628251e-01 1.310043e-01 1.977614e-01 2.596712e-01 2.080707e-01 2.481320e-01 2.190685e-01 6.967031e-02
<GCONST> 6.858831e+01
<STATE> 3
<MEAN> 39
 4.296188e+00 -6.290522e+00 -3.146460e+00 -1.780336e+01 -1.796221e+01 1.588545e+00 -1.922666e-01 -1.098099e+01 2.535059e+00 -8.841977e+00 1.313325e+01 -1.138924e-01 7.260643e+01 2.061032e-01 -1.610068e-01 -7.043321e-01 6.949398e-01 6.437319e-01 -8.341558e-01 -2.934946e-01 3.756714e-01 2.408310e-01 -6.607406e-01 -2.185253e-01 1.080894e+00 -1.031287e-01 -3.391172e-02 1.113681e-01 -5.134870e-02 -4.843612e-03 1.504522e-01 5.260137e-02 -1.823747e-01 1.154968e-01 1.101034e-01 -7.314455e-03 -1.431884e-01 2.666976e-03 -2.524484e-02
<VARIANCE> 39
 1.807290e+00 5.582014e+00 5.554684e+00 6.871007e+00 1.254815e+01 1.870494e+01 7.218036e+00 1.116964e+01 1.769558e+01 1.298532e+01 8.998480e+00 1.833602e+01 2.599139e+00 8.528911e-02 3.102092e-01 2.829536e-01 4.370840e-01 6.663606e-01 7.144895e-01 1.071930e+00 1.067790e+00 1.166993e+00 9.983823e-01 6.931328e-01 7.325214e-01 3.275281e-02 1.759839e-02 3.681578e-02 4.975365e-02 1.025111e-01 9.434789e-02 1.606996e-01 1.467092e-01 2.145385e-01 1.417949e-01 1.423870e-01 1.337246e-01 1.598748e-01 8.508036e-03
<GCONST> 5.592133e+01
<STATE> 4
<MEAN> 39
 4.268269e+00 -5.298489e+00 -7.746091e+00 -1.299530e+01 -6.933635e+00 -1.719855e+00 -4.500723e+00 -5.629902e+00 7.480579e+00 -7.230347e+00 6.892678e+00 4.415753e+00 6.988564e+01 -2.648520e-01 1.547465e-01 5.537842e-02 4.632736e-01 8.333628e-01 -4.455581e-04 -1.750633e-02 4.880699e-01 9.367654e-02 6.208518e-01 -4.508489e-01 -2.265221e-01 -4.280280e-01 -6.760582e-02 9.551045e-04 1.322191e-01 3.580649e-02 -2.679711e-02 5.636883e-03 8.269144e-02 1.139203e-02 -8.716524e-02 9.072053e-02 2.328086e-02 -1.332991e-01 -4.959413e-02
<VARIANCE> 39
 6.387344e+00 6.617668e+00 8.857551e+00 9.621939e+00 2.608006e+01 9.730470e+00 1.446339e+01 1.846312e+01 2.443542e+01 3.206507e+01 1.171718e+01 1.968052e+01 7.849889e+00 2.126822e-01 4.096867e-01 6.546865e-01 5.903673e-01 6.614830e-01 8.187919e-01 8.580094e-01 8.280082e-01 1.252232e+00 1.176785e+00 7.958170e-01 1.118250e+00 1.736542e-01 2.919326e-02 6.382116e-02 7.639973e-02 1.000645e-01 9.218899e-02 1.515959e-01 1.427742e-01 1.330331e-01 1.675167e-01 1.699684e-01 1.287593e-01 1.533182e-01 1.991602e-02
<GCONST> 6.853642e+01
<TRANSP> 5
 0.000000e+00 1.000000e+00 0.000000e+00 0.000000e+00 0.000000e+00
 0.000000e+00 8.057029e-01 1.942971e-01 0.000000e+00 0.000000e+00
 0.000000e+00 0.000000e+00 8.485700e-01 1.514301e-01 0.000000e+00
 0.000000e+00 0.000000e+00 0.000000e+00 9.357988e-01 6.420118e-02
 0.000000e+00 0.000000e+00 0.000000e+00 0.000000e+00 0.000000e+00
<ENDHMM>
~h "aI"
<BEGINHMM>
<NUMSTATES> 5
<STATE> 2
<MEAN> 39
 1.515225e+00 -1.320117e+01 -2.944678e+00 -1.488268e+01 -5.708361e+00 5.219922e+00 -9.441837e+00 -2.787901e+00 9.424937e+00 -5.093070e+00 -4.843326e-01 -2.300944e+01 7.676187e+01 5.885839e-03 -1.322372e+00 -4.989101e-01 -6.552318e-01 -2.076396e-01 9.853998e-01 1.884720e-01 3.370668e-01 9.713871e-01 -1.454166e+00 -3.487558e-01 -6.479520e-01 7.024537e-01 -1.277622e-01 2.904696e-01 3.173304e-01 4.594744e-01 6.337054e-02 -4.155959e-01 5.089182e-02 -1.338378e-02 -4.386503e-01 -6.434756e-02 1.452526e-02 4.924448e-01 -2.816090e-01
<VARIANCE> 39
 1.437185e+00 1.758238e+01 1.216426e+01 2.097253e+01 5.206033e+00 2.421949e+01 1.413808e+01 8.859378e+00 1.630739e+01 3.376717e+01 2.893236e+01 1.640497e+01 4.594919e+00 2.459982e-01 1.965155e+00 1.167233e+00 2.706955e+00 6.787056e-01 2.389636e+00 7.418070e-01 1.885230e+00 3.113736e+00 9.566177e-01 1.392033e+00 2.178306e+00 7.894514e-01 6.590895e-02 2.053986e-01 8.171178e-02 2.280694e-01 1.795485e-01 1.936001e-01 1.677955e-01 3.660985e-01 3.574229e-01 2.569199e-01 2.768438e-01 2.456187e-01 8.231936e-02
<GCONST> 8.531402e+01
<STATE> 3
<MEAN> 39
 7.797305e-01 -1.636388e+01 1.067491e+00 -1.222484e+01 -1.059689e+01 2.077969e+00 -7.347698e+00 3.220499e+00 7.976508e+00 -1.246027e+01 1.909309e-01 -1.889108e+01 7.726761e+01 -1.532844e-01 1.226483e-01 1.716480e+00 6.222831e-01 -1.449623e+00 -1.509637e+00 2.210680e-01 1.602090e+00 -1.076275e+00 -2.825593e-01 9.673820e-01 1.677785e+00 -2.473191e-01 -3.613161e-02 1.976728e-01 2.971059e-01 -5.895525e-02 -7.938594e-02 -6.351008e-02 -7.883399e-02 -1.210295e-01 -2.190603e-01 2.848765e-01 2.844367e-01 1.677811e-01 -9.096035e-02
<VARIANCE> 39
 2.501312e+00 3.994326e+00 2.385618e+01 9.531467e+00 1.844310e+01 3.759872e+01 1.007617e+01 3.830683e+01 2.357071e+01 3.011738e+01 1.966805e+01 3.008687e+01 1.448143e+00 1.540381e-01 4.380650e-01 1.180721e+00 5.359802e-01 7.362660e-01 1.619332e+00 7.221050e-01 1.593292e+00 1.661295e+00 1.288923e+00 2.089908e+00 2.154082e+00 1.089430e-01 2.460517e-02 6.291534e-02 8.627907e-02 9.938722e-02 1.581721e-01 2.388508e-01 1.203066e-01 5.113798e-01 2.257562e-01 1.733845e-01 2.598280e-01 2.462265e-01 1.024672e-02
<GCONST> 7.456847e+01
<STATE> 4
<MEAN> 39
 -1.606082e+00 -9.188918e+00 1.674602e+01 -7.606518e+00 -1.536096e+01 -6.316253e+00 -9.187755e+00 4.923765e+00 -1.505809e+00 -8.262012e+00 1.018522e+01 -5.624136e+00 7.248486e+01 -1.938859e-01 1.094884e+00 3.662581e-01 8.514993e-01 1.109458e+00 -4.039906e-01 -3.500219e-01 -8.531285e-01 -3.832133e-01 3.691448e-01 9.997858e-02 8.588960e-01 -7.020870e-01 4.642176e-02 8.739294e-03 -4.910527e-01 1.280554e-01 4.084961e-01 5.902178e-02 4.964099e-02 -9.566309e-02 2.145125e-01 -1.812452e-02 -4.070310e-01 -1.765420e-01 -2.596062e-02
<VARIANCE> 39
 3.705584e+00 1.366908e+01 1.746849e+01 1.122638e+01 2.066150e+01 3.339496e+01 2.063386e+01 2.368992e+01 1.471633e+01 1.559112e+01 1.018067e+01 3.174841e+01 6.285899e+00 2.678428e-01 5.770893e-01 3.309970e+00 8.911801e-01 2.384714e+00 1.117778e+00 1.085107e+00 1.383266e+00 1.284631e+00 1.410707e+00 2.232800e+00 1.172404e+00 1.271421e-01 3.832002e-02 7.811844e-02 1.393556e-01 1.133058e-01 1.538946e-01 2.659565e-01 1.951605e-01 2.923317e-01 1.989914e-01 2.687450e-01 1.726114e-01 2.573373e-01 1.941103e-02
<GCONST> 8.075349e+01
<TRANSP> 5
 0.000000e+00 1.000000e+00 0.000000e+00 0.000000e+00 0.000000e+00
 0.000000e+00 8.523756e-01 1.476244e-01 0.000000e+00 0.000000e+00
 0.000000e+00 0.000000e+00 8.644322e-01 1.355679e-01 0.000000e+00
 0.000000e+00 0.000000e+00 0.000000e+00 9.001668e-01 9.983321e-02
 0.000000e+00 0.000000e+00 0.000000e+00 0.000000e+00 0.000000e+00
<ENDHMM>
~h "eh"
<BEGINHMM>
<NUMSTATES> 5
<STATE> 2
<MEAN> 39
 -6.991675e-01 -3.305838e+00 7.938450e+00 5.048310e-01 -3.284443e+00 -3.772885e+00 -8.997357e+00 -5.275348e+00 -5.731732e-01 -2.927984e+00 -3.961825e+00 -1.243926e+01 6.852119e+01 -3.215640e-01 2.111943e+00 1.123272e+00 2.026640e+00 1.595137e+00 -1.570690e+00 4.469657e-01 -1.046658e+00 -2.764068e+00 1.770121e-01 7.019252e-01 8.165038e-01 -1.334127e+00 7.027884e-02 -4.922232e-01 -1.446583e-01 -6.185327e-01 -8.408041e-02 1.481750e-01 -1.289942e-01 5.416163e-01 5.409266e-01 -3.441792e-01 1.898478e-01 -1.326666e-01 2.458960e-01
<VARIANCE> 39
 4.407590e+00 2.771869e+01 1.394911e+01 1.931002e+01 1.841817e+01 2.139885e+01 1.156436e+01 1.773246e+01 3.445787e+01 1.600582e+01 2.304165e+01 8.820344e+00 6.192952e+00 2.544226e-01 1.645546e+00 5.428872e-01 2.081262e+00 9.131076e-01 1.055558e+00 1.200466e+00 2.167905e+00 2.642544e+00 1.743487e+00 1.279202e+00 7.747322e-01 3.434414e-01 4.244438e-02 3.481041e-01 9.411279e-02 3.267629e-01 2.550673e-01 3.337124e-01 2.805703e-01 3.352098e-01 7.218438e-01 3.185000e-01 3.161656e-01 1.175496e-01 6.904691e-02
<GCONST> 8.749045e+01
<STATE> 3
<MEAN> 39
 -2.294803e+00 -4.036923e-01 1.077636e+01 3.515350e+00 1.180970e+00 -7.178090e+00 -7.856197e+00 -4.463561e+00 -1.925205e+00 -3.684983e+00 -2.832720e+00 -9.835515e+00 6.512156e+01 -2.251582e-01 9.301715e-02 -3.337612e-02 -3.580713e-02 3.414661e-01 -9.851889e-02 2.702769e-01 1.379823e-01 3.146998e-01 -6.896110e-02 -1.902252e-01 3.078109e-01 -2.865061e-01 -6.439472e-04 -8.421057e-02 -1.382551e-01 -1.549491e-01 -8.870541e-02 1.383223e-01 -1.376481e-02 3.759074e-02 1.604287e-01 1.637444e-02 -8.525881e-02 -3.622225e-02 5.982864e-02
<VARIANCE> 39
 4.325004e+00 7.779016e+00 9.617456e+00 9.610182e+00 9.282828e+00 1.287866e+01 1.560559e+01 1.080749e+01 1.453716e+01 1.334993e+01 1.459103e+01 1.394697e+01 4.160170e+00 2.171814e-01 6.105829e-01 6.169847e-01 7.561954e-01 8.137947e-01 1.211507e+00 1.043340e+00 1.002256e+00 1.337710e+00 1.129692e+00 1.087075e+00 1.073425e+00 1.080597e-01 4.304712e-02 1.428370e-01 1.002138e-01 1.640719e-01 1.752804e-01 2.320411e-01 2.049131e-01 2.053349e-01 3.645131e-01 1.804406e-01 2.116606e-01 2.342383e-01 2.371792e-02
<GCONST> 7.219328e+01
<STATE> 4
<MEAN> 39
 -3.574481e+00 -1.039468e+00 6.310415e+00 -1.231163e-01 2.704566e+00 -5.254981e+00 -4.148383e+00 -1.878418e+00 5.086027e-01 -3.804188e+00 -4.772283e+00 -7.537724e+00 6.361453e+01 -1.931293e-01 -1.598231e-01 -5.270703e-01 -3.939429e-01 -8.431805e-02 1.460642e-01 3.339612e-01 4.103253e-01 4.192580e-01 2.044310e-01 1.252222e-01 3.721518e-01 -2.108515e-01 -4.763773e-02 -3.985992e-02 -1.697827e-02 1.465505e-02 -8.623336e-02 -7.913453e-02 1.943515e-02 3.466304e-02 -1.640219e-02 8.176439e-02 1.050068e-01 1.899001e-02 -9.882865e-03
<VARIANCE> 39
 6.574586e+00 1.263186e+01 1.360383e+01 1.023291e+01 1.524270e+01 1.524417e+01 2.114543e+01 1.720347e+01 2.374852e+01 1.747636e+01 1.859978e+01 1.923749e+01 6.170040e+00 2.731540e-01 6.698306e-01 7.320423e-01 1.006706e+00 1.226351e+00 1.451126e+00 1.711205e+00 1.345872e+00 2.024340e+00 1.359739e+00 1.780864e+00 1.506991e+00 1.868976e-01 4.485391e-02 1.237366e-01 1.353419e-01 1.812909e-01 2.432189e-01 3.023911e-01 3.014616e-01 2.779008e-01 3.693860e-01 2.482010e-01 3.155494e-01 2.937016e-01 3.056065e-02
<GCONST> 8.358790e+01
<TRANSP> 5
 0.000000e+00 1.000000e+00 0.000000e+00 0.000000e+00 0.000000e+00
 0.000000e+00 6.899433e-01 3.100567e-01 0.000000e+00 0.000000e+00
 0.000000e+00 0.000000e+00 8.940965e-01 1.059035e-01 0.000000e+00
 0.000000e+00 0.000000e+00 0.000000e+00 8.826280e-01 1.173720e-01
 0.000000e+00 0.000000e+00 0.000000e+00 0.000000e+00 0.000000e+00
<ENDHMM>
~h "sil"
<BEGINHMM>
<NUMSTATES> 5
<STATE> 2
<MEAN> 39
 -7.483027e+00 -4.667026e+00 3.024935e-01 -5.344343e+00 -3.261212e+00 -6.823829e+00 -4.398205e+00 -1.631926e+00 2.694476e+00 2.617857e-01 9.189367e-01 -4.471234e+00 6.087540e+01 -5.603606e-02 4.244197e-02 1.667508e-02 -2.951375e-02 1.382644e-02 2.202905e-02 2.621501e-02 -3.338773e-02 2.460899e-03 -2.197209e-02 -4.124131e-03 2.255979e-02 -5.954937e-02 -5.484178e-03 7.233667e-03 3.192493e-03 -1.807806e-03 -1.008941e-02 3.936616e-03 6.340248e-05 1.884362e-02 1.527649e-03 -1.416806e-04 6.309948e-03 7.051462e-03 2.617940e-03
<VARIANCE> 39
 7.011617e+00 9.293860e+00 1.864207e+01 1.848568e+01 1.891934e+01 2.258958e+01 2.458858e+01 2.515941e+01 3.084916e+01 2.551562e+01 2.510264e+01 2.231795e+01 5.728966e+00 2.815519e-01 5.143117e-01 7.255762e-01 9.267094e-01 1.172861e+00 1.433397e+00 1.591056e+00 1.726613e+00 1.838364e+00 1.792774e+00 1.491009e+00 1.599854e+00 1.255143e-01 4.401983e-02 8.532233e-02 1.120748e-01 1.536037e-01 1.977102e-01 2.581832e-01 2.753230e-01 3.238194e-01 3.348670e-01 3.400647e-01 2.693698e-01 2.856197e-01 1.617928e-02
<GCONST> 8.421124e+01
<STATE> 3
<MEAN> 39
 -9.817013e+00 -3.670842e+00 1.239095e+00 -5.337230e+00 -2.946014e+00 -7.120286e+00 -2.260057e+00 2.522699e-01 1.716886e+00 -1.971493e+00 1.674690e-01 -3.654009e+00 5.849840e+01 3.805587e-02 -8.824497e-02 2.103317e-02 -3.129915e-02 -1.013868e-01 -5.698545e-02 -3.036413e-02 5.209770e-02 -3.897782e-03 -3.140085e-02 -3.713717e-02 -2.226281e-02 2.753881e-02 1.440685e-02 -1.521512e-02 1.015936e-03 -2.907116e-03 8.611577e-03 7.069816e-03 -2.325371e-02 -2.654052e-02 -3.839170e-03 6.822334e-03 -1.535378e-02 -2.105203e-02 1.818279e-02
<VARIANCE> 39
 6.505681e+00 1.139873e+01 1.776933e+01 2.070405e+01 1.581913e+01 1.935700e+01 2.556325e+01 2.066921e+01 3.091956e+01 2.574525e+01 2.153640e+01 1.902396e+01 5.220437e+00 3.441800e-01 6.764612e-01 1.003224e+00 1.157910e+00 1.330944e+00 1.613631e+00 1.808087e+00 1.777959e+00 2.082189e+00 1.780891e+00 1.661945e+00 1.493754e+00 1.682568e-01 6.126941e-02 1.127841e-01 1.777716e-01 1.973201e-01 2.467714e-01 3.001012e-01 3.379296e-01 3.328524e-01 3.810697e-01 3.453802e-01 3.057179e-01 2.770428e-01 2.817717e-02
<GCONST> 8.811631e+01
<STATE> 4
<MEAN> 39
 -8.578804e+00 -4.650892e+00 1.752046e+00 -4.739912e+00 -3.645620e+00 -7.450408e+00 -4.709111e+00 -1.385751e+00 2.094556e+00 -9.973347e-01 2.402899e-02 -4.695105e+00 6.179468e+01 5.631168e-03 6.699477e-03 -3.132537e-02 2.037879e-02 -4.169809e-03 -5.643369e-03 1.363524e-03 -2.293403e-03 9.678986e-03 -4.709728e-03 -2.869564e-02 -4.364781e-02 5.072951e-02 -3.318143e-03 6.143598e-03 -6.327305e-03 6.350135e-03 4.161089e-03 1.381898e-02 1.130244e-02 6.999017e-03 6.719796e-03 -9.435423e-03 -4.817131e-03 -3.266534e-03 -2.150710e-03
<VARIANCE> 39
 8.732455e+00 1.377374e+01 1.942187e+01 1.849370e+01 2.375064e+01 3.562638e+01 2.294174e+01 2.613694e+01 2.405097e+01 2.593516e+01 2.620238e+01 2.311020e+01 6.646890e+00 5.806329e-01 7.082255e-01 1.069753e+00 1.328722e+00 1.644217e+00 2.017019e+00 1.878536e+00 1.944949e+00 2.072306e+00 1.843216e+00 2.085891e+00 1.777149e+00 3.026882e-01 1.042173e-01 1.192802e-01 1.819574e-01 2.388874e-01 2.808938e-01 3.600221e-01 3.534874e-01 3.480524e-01 4.006019e-01 3.428798e-01 3.823667e-01 3.476815e-01 4.876532e-02
<GCONST> 9.470315e+01
<TRANSP> 5
 0.000000e+00 1.000000e+00 0.000000e+00 0.000000e+00 0.000000e+00
 0.000000e+00 9.637254e-01 3.627456e-02 0.000000e+00 0.000000e+00
 0.000000e+00 0.000000e+00 9.388956e-01 6.110433e-02 0.000000e+00
 0.000000e+00 0.000000e+00 0.000000e+00 9.627462e-01 3.725380e-02
 0.000000e+00 0.000000e+00 0.000000e+00 0.000000e+00 0.000000e+00
<ENDHMM>
~h "sp"
<BEGINHMM>
<NUMSTATES> 3
<STATE> 2
<MEAN> 39
 -9.817013e+00 -3.670842e+00 1.239095e+00 -5.337230e+00 -2.946014e+00 -7.120286e+00 -2.260057e+00 2.522699e-01 1.716886e+00 -1.971493e+00 1.674690e-01 -3.654009e+00 5.849840e+01 3.805587e-02 -8.824497e-02 2.103317e-02 -3.129915e-02 -1.013868e-01 -5.698545e-02 -3.036413e-02 5.209770e-02 -3.897782e-03 -3.140085e-02 -3.713717e-02 -2.226281e-02 2.753881e-02 1.440685e-02 -1.521512e-02 1.015936e-03 -2.907116e-03 8.611577e-03 7.069816e-03 -2.325371e-02 -2.654052e-02 -3.839170e-03 6.822334e-03 -1.535378e-02 -2.105203e-02 1.818279e-02
<VARIANCE> 39
 6.505681e+00 1.139873e+01 1.776933e+01 2.070405e+01 1.581913e+01 1.935700e+01 2.556325e+01 2.066921e+01 3.091956e+01 2.574525e+01 2.153640e+01 1.902396e+01 5.220437e+00 3.441800e-01 6.764612e-01 1.003224e+00 1.157910e+00 1.330944e+00 1.613631e+00 1.808087e+00 1.777959e+00 2.082189e+00 1.780891e+00 1.661945e+00 1.493754e+00 1.682568e-01 6.126941e-02 1.127841e-01 1.777716e-01 1.973201e-01 2.467714e-01 3.001012e-01 3.379296e-01 3.328524e-01 3.810697e-01 3.453802e-01 3.057179e-01 2.770428e-01 2.817717e-02
<GCONST> 8.811631e+01
<TRANSP> 3
 0.000000e+00 5.000000e-01 5.000000e-01
 0.000000e+00 5.000000e-01 5.000000e-01
 0.000000e+00 0.000000e+00 0.000000e+00
<ENDHMM>
