~o
<STREAMINFO> 1 39
<VECSIZE> 39<NULLD><MFCC_D_A_0><DIAGC>
~s "silst"
<MEAN> 39
 -8.254342e+00 -3.666606e+00 -7.934663e-03 -4.255405e+00 1.468883e+00 -7.644987e+00 -4.177104e+00 -1.813219e-01 3.668801e+00 -2.680494e+00 5.423520e-01 -3.410271e+00 5.900613e+01 -1.232507e-02 4.370881e-02 -5.616977e-02 -1.288566e-01 5.811325e-02 1.334000e-02 3.487202e-02 3.765700e-02 -1.792773e-01 8.922365e-02 3.419265e-02 4.977494e-02 -3.963640e-02 -3.130571e-03 4.402824e-04 1.276394e-02 -3.100822e-02 -4.793318e-02 -1.631613e-02 4.856477e-02 5.986148e-02 4.753023e-02 6.421389e-02 8.946851e-03 -3.188603e-02 6.299219e-02
<VARIANCE> 39
 5.676631e+00 1.080572e+01 1.126590e+01 1.112183e+01 2.228922e+01 2.904928e+01 2.436163e+01 2.643831e+01 2.931498e+01 2.078701e+01 1.848237e+01 1.806347e+01 5.740995e+00 3.907968e-01 6.380796e-01 8.155266e-01 9.923457e-01 1.314797e+00 2.042261e+00 1.929933e+00 2.158079e+00 2.112860e+00 1.945454e+00 1.508513e+00 1.575426e+00 1.712111e-01 6.421904e-02 1.179660e-01 1.472705e-01 1.816093e-01 2.388600e-01 3.779831e-01 3.768137e-01 4.010673e-01 3.984204e-01 3.913513e-01 2.923161e-01 3.016041e-01 2.548365e-02
<GCONST> 8.810905e+01
~h "I"
<BEGINHMM>
<NUMSTATES> 5
<STATE> 2
<MEAN> 39
 -5.080304e+00 3.733931e+00 -1.736775e+00 1.202658e+00 1.697964e+00 -7.707309e+00 -1.147675e+00 -5.817518e+00 6.190258e+00 -4.163876e+00 1.436907e+00 -7.495338e+00 6.692090e+01 -1.061972e+00 1.296787e+00 -4.949008e-01 1.293688e+00 -3.216320e-01 -2.696477e-01 1.076121e+00 -1.453961e+00 1.572626e+00 -4.785339e-01 1.983826e-01 5.166627e-01 1.165344e+00 -6.184373e-01 -1.802884e-01 -2.239449e-01 -3.757618e-02 -1.573817e-01 -1.418425e-01 3.825862e-01 -6.684040e-02 9.880943e-02 5.736201e-02 -1.206593e-01 2.954876e-01 3.969263e-03
<VARIANCE> 39
 7.188416e+01 1.663768e+01 4.064681e+01 3.025905e+01 1.348539e+01 6.566433e+01 4.291022e+01 2.625916e+01 5.000323e+01 2.178480e+01 1.548403e+01 3.085521e+01 1.713427e+01 3.511801e+00 8.018292e-01 1.612218e+00 1.907073e+00 1.407231e+00 1.725817e+00 2.565703e+00 2.090020e+00 5.101151e+00 2.213909e+00 2.034159e+00 1.872190e+00 4.107009e-01 3.667548e-01 2.229172e-01 2.794482e-01 2.030431e-01 2.118907e-01 3.799547e-01 3.411720e-01 4.100311e-01 1.060769e+00 7.423103e-01 4.599791e-01 4.655997e-01 7.596311e-02
<GCONST> 1.090750e+02
<STATE> 3
<MEAN> 39
 -1.757003e+01 4.413846e+00 -5.038577e+00 5.208241e+00 -1.572223e+00 -7.621253e+00 6.327356e+00 -1.024128e+01 9.678473e+00 -5.625682e+00 6.109680e-03 -2.501190e+00 7.119784e+01 -4.473961e-01 -1.551798e-01 2.071096e-01 2.487153e-01 1.082993e-01 -3.690091e-01 1.483467e-01 -4.209781e-01 -5.284806e-01 -1.280558e-01 -4.604118e-01 4.057922e-01 3.036588e-01 6.440979e-01 -9.368816e-02 3.702505e-01 -2.835930e-02 8.434837e-02 -3.960545e-01 -5.842022e-01 3.539740e-02 -2.122727e-01 6.047199e-02 4.506820e-02 -2.623544e-02 -5.662809e-02
<VARIANCE> 39
 2.227987e+01 1.327251e+01 3.583163e+01 4.261832e+01 1.181419e+01 3.998577e+01 2.799864e+01 1.134245e+01 2.008578e+01 1.818512e+01 2.472609e+01 1.549539e+01 5.589887e+00 2.805954e+00 9.750115e-01 1.380860e+00 6.998728e-01 1.525978e+00 2.235410e+00 2.019907e+00 9.771115e-01 1.247834e+00 1.929630e+00 1.164246e+00 1.248671e+00 1.477118e-01 1.938264e-01 2.485418e-01 1.747602e-01 1.880621e-01 2.881073e-01 3.297703e-01 4.080727e-01 2.789218e-01 2.556454e-01 3.756306e-01 2.390779e-01 2.721708e-01 5.262443e-02
<GCONST> 9.341071e+01
<STATE> 4
<MEAN> 39
 -1.205922e+01 3.377020e+00 1.972982e+00 5.765439e+00 -1.329311e+00 -1.685529e+01 1.180030e+00 -1.371209e+01 8.220629e+00 -5.488879e+00 -9.472562e-01 2.374695e-01 7.388323e+01 1.474308e+00 -1.412461e+00 2.767191e+00 -6.835005e-01 -8.379943e-01 -1.266188e+00 -1.547359e+00 3.902824e-01 -7.590701e-01 -3.999306e-01 1.170932e-02 4.164493e-01 3.575727e-01 2.010411e-01 -4.568707e-01 4.179251e-01 -3.524778e-01 -4.400950e-01 4.947726e-01 -3.234095e-01 4.181022e-01 1.645524e-03 -2.360412e-01 2.256826e-01 -2.278305e-01 3.988830e-02
<VARIANCE> 39
 2.183000e+01 1.543730e+01 7.421888e+01 2.310912e+01 1.404400e+01 3.005614e+01 2.050005e+01 9.691234e+00 2.401930e+01 1.227926e+01 1.156244e+01 1.405833e+01 2.700531e+00 1.485968e+00 1.645043e+00 2.779896e+00 1.735153e+00 1.752350e+00 2.490519e+00 2.036115e+00 2.505285e+00 2.020205e+00 1.017315e+00 9.186223e-01 1.667440e+00 2.915539e-01 3.109763e-01 3.014809e-01 3.653388e-01 1.436767e-01 3.382539e-01 3.215601e-01 4.924975e-01 2.569116e-01 3.089085e-01 2.134356e-01 2.276250e-01 2.065009e-01 4.299119e-02
<GCONST> 9.501369e+01
<TRANSP> 5
 0.000000e+00 1.000000e+00 0.000000e+00 0.000000e+00 0.000000e+00
 0.000000e+00 6.731822e-01 3.268178e-01 0.000000e+00 0.000000e+00
 0.000000e+00 0.000000e+00 7.970281e-01 2.029720e-01 0.000000e+00
 0.000000e+00 0.000000e+00 0.000000e+00 7.381620e-01 2.618380e-01
 0.000000e+00 0.000000e+00 0.000000e+00 0.000000e+00 0.000000e+00
<ENDHMM>
~h "T"
<BEGINHMM>
<NUMSTATES> 5
<STATE> 2
<MEAN> 39
 -9.835587e+00 -3.555330e+00 -1.947054e+00 -4.895547e+00 3.168382e-01 -6.010665e+00 -1.665273e+00 -3.785104e+00 4.949907e+00 -3.080618e+00 2.201505e+00 -5.102857e+00 6.281494e+01 -1.089741e+00 6.958992e-01 -3.353891e-01 5.503479e-01 -4.740305e-01 -4.998230e-01 5.923811e-01 -5.398947e-01 4.560342e-01 6.628481e-02 -4.176952e-03 2.590391e-03 5.151091e-01 -5.887987e-02 -5.466182e-02 -1.172870e-01 1.000978e-01 -1.801536e-01 -1.196829e-01 -1.138203e-01 8.975182e-02 6.417019e-02 -3.244606e-02 -2.522413e-01 -3.756216e-03 9.532996e-02
<VARIANCE> 39
 1.257505e+01 1.017815e+01 9.419760e+00 2.295583e+01 1.591731e+01 2.017636e+01 2.450376e+01 2.378694e+01 2.670125e+01 1.736945e+01 1.642042e+01 1.412088e+01 2.947147e+00 3.979201e-01 8.131078e-01 8.462927e-01 1.698637e+00 1.878554e+00 2.415402e+00 3.567421e+00 3.413143e+00 1.947020e+00 2.683456e+00 1.678783e+00 1.681234e+00 3.546056e-01 1.061203e-01 2.066197e-01 1.400242e-01 3.007027e-01 2.501288e-01 3.372719e-01 4.988623e-01 6.117328e-01 3.622981e-01 4.869469e-01 2.495064e-01 4.215018e-01 4.854608e-02
<GCONST> 9.395302e+01
<STATE> 3
<MEAN> 39
 -1.522620e+01 -3.274261e+00 -3.792235e+00 -1.629539e+00 -2.342675e+00 -7.113707e+00 -7.306981e-01 -4.641239e+00 7.493575e+00 -3.271219e+00 1.180216e+00 -2.936481e+00 6.733801e+01 1.984834e-01 -3.619303e-01 5.201716e-01 -7.672430e-03 -2.019704e-01 2.723061e-01 9.794215e-02 -1.963111e-01 2.419093e-01 1.649173e-01 -5.872456e-02 -7.584938e-02 5.620883e-01 3.647312e-01 -7.773399e-02 3.851772e-01 2.121518e-02 -1.733360e-02 9.206383e-02 -7.986867e-02 -1.622442e-01 -7.448583e-02 1.116334e-01 7.310386e-02 -1.108267e-01 -4.828746e-02
<VARIANCE> 39
 4.775251e+00 9.375708e+00 9.909125e+00 1.264972e+01 1.287149e+01 1.747189e+01 1.840730e+01 2.203290e+01 2.129944e+01 1.497863e+01 2.483287e+01 1.914650e+01 5.742795e+00 1.478199e+00 5.085521e-01 2.676656e+00 1.378980e+00 1.732571e+00 1.964996e+00 1.843537e+00 2.079170e+00 1.147881e+00 1.403700e+00 1.615447e+00 2.279843e+00 4.499917e-01 1.568676e-01 9.022743e-02 2.710041e-01 3.383926e-01 4.835128e-01 4.569727e-01 5.008408e-01 4.115613e-01 2.565594e-01 3.240478e-01 3.456343e-01 4.744422e-01 9.081017e-02
<GCONST> 9.354958e+01
<STATE> 4
<MEAN> 39
 -7.120295e+00 -8.339712e+00 6.552909e+00 2.051994e+00 -5.331946e+00 -7.221939e+00 -3.080912e+00 -1.023647e+01 8.046402e+00 -5.979340e-01 1.447001e+00 -6.721545e+00 7.010773e+01 2.457463e+00 -1.047729e+00 9.373949e-01 1.039161e+00 -1.002478e+00 -1.001974e+00 -1.473537e+00 -7.557361e-01 -2.317874e-01 6.899633e-01 -3.547236e-01 4.867906e-02 8.289607e-01 -3.463152e-02 -2.445043e-01 -3.573397e-01 -6.231057e-02 -2.228416e-01 -3.197928e-01 -2.123451e-01 4.410282e-01 5.317310e-02 -1.115828e-01 1.862201e-02 4.502811e-01 2.138648e-01
<VARIANCE> 39
 4.514942e+01 1.762969e+01 1.412110e+01 2.507992e+01 1.647852e+01 2.816647e+01 4.788067e+01 1.471136e+01 3.269342e+01 1.708885e+01 2.910157e+01 1.892647e+01 1.097354e+01 3.050034e+00 1.165616e+00 2.757652e+00 1.788891e+00 3.525310e+00 1.831414e+00 3.974026e+00 2.951847e+00 3.296040e+00 3.040250e+00 2.668815e+00 3.910234e+00 1.599516e+00 6.623575e-01 1.812550e-01 8.199546e-01 4.268959e-01 7.932546e-01 4.943250e-01 7.197924e-01 4.057368e-01 5.320969e-01 4.539167e-01 6.375973e-01 6.251272e-01 2.357003e-01
<GCONST> 1.151453e+02
<TRANSP> 5
 0.000000e+00 1.000000e+00 0.000000e+00 0.000000e+00 0.000000e+00
 0.000000e+00 8.073127e-01 1.926874e-01 0.000000e+00 0.000000e+00
 0.000000e+00 0.000000e+00 8.873029e-01 1.126971e-01 0.000000e+00
 0.000000e+00 0.000000e+00 0.000000e+00 7.909943e-01 2.090056e-01
 0.000000e+00 0.000000e+00 0.000000e+00 0.000000e+00 0.000000e+00
<ENDHMM>
~h "e"
<BEGINHMM>
<NUMSTATES> 5
<STATE> 2
<MEAN> 39
 -1.688040e+01 -1.046244e+00 -2.522942e+00 1.454262e+00 -1.097727e+00 -9.094223e+00 9.345060e-01 -5.338628e+00 7.602377e+00 -4.700334e+00 -9.821411e-01 -3.101333e+00 6.855198e+01 3.722954e+00 -9.508736e-01 1.158998e+00 -5.579466e-01 -1.213829e+00 -1.418725e+00 -2.021580e+00 -3.297833e-01 -4.799520e-01 2.443298e-01 -9.468138e-01 -1.411516e+00 3.275411e-01 9.173030e-01 -6.278328e-01 2.389029e-02 -6.988370e-01 -6.017534e-01 -2.085661e-01 -7.536780e-01 1.542411e-01 4.412561e-01 1.198446e-01 7.246704e-02 -3.465253e-01 7.352876e-01
<VARIANCE> 39
 3.295377e+01 6.757892e+00 1.020949e+01 1.987150e+01 1.961098e+01 1.806781e+01 3.159905e+01 4.182149e+01 2.770307e+01 2.284143e+01 1.227995e+01 1.965469e+01 2.428925e+01 5.034544e+00 1.406379e+00 8.693235e-01 1.814027e+00 2.599070e+00 1.754937e+00 2.820103e+00 1.928164e+00 1.802092e+00 1.516317e+00 2.146756e+00 1.704971e+00 7.863405e-01 3.669231e-01 1.629020e-01 1.988504e-01 2.389011e-01 2.514197e-01 2.793649e-01 3.352875e-01 4.747863e-01 4.128869e-01 3.453194e-01 1.706750e-01 1.972332e-01 1.111098e-01
<GCONST> 1.003709e+02
<STATE> 3
<MEAN> 39
 -5.412100e+00 -1.680185e+00 -2.426053e-01 -5.178796e-01 -4.059014e+00 -1.319532e+01 -6.067094e+00 -5.851824e+00 5.599176e+00 -3.637605e+00 -3.050402e+00 -6.382782e+00 6.870670e+01 3.893389e+00 -2.567278e+00 9.864547e-01 -2.077530e+00 -2.443933e+00 -9.304569e-01 -2.546229e+00 4.650459e-01 8.730072e-01 2.409577e-01 -4.755524e-01 -1.487938e+00 2.527023e+00 -6.771848e-01 -7.084630e-01 -1.088103e-01 -4.292737e-01 -2.714966e-01 5.977095e-01 3.715105e-01 3.940684e-01 6.074950e-01 -1.078373e-01 2.130745e-01 2.663704e-01 7.156835e-01
<VARIANCE> 39
 1.465276e+01 1.166061e+01 1.091630e+01 1.931643e+01 1.194751e+01 2.186234e+01 1.318587e+01 5.157444e+01 1.598323e+01 3.115343e+01 2.010186e+01 2.277715e+01 3.493043e+01 4.803811e+00 1.285482e+00 1.413527e+00 2.919914e+00 2.550405e+00 1.651985e+00 2.561839e+00 3.007278e+00 2.746019e+00 2.341764e+00 1.034494e+00 1.204125e+00 2.990426e-01 6.137341e-01 1.406301e-01 1.672362e-01 2.747109e-01 3.867321e-01 3.070956e-01 5.361256e-01 2.868469e-01 4.577455e-01 4.082614e-01 4.246736e-01 1.901110e-01 1.920820e-01
<GCONST> 1.023621e+02
<STATE> 4
<MEAN> 39
 -2.263620e+00 -9.295952e+00 4.482723e+00 -5.137426e+00 -1.228139e+01 -1.284428e+01 -9.634768e+00 -1.949315e-01 4.728174e+00 -3.473824e+00 -1.405086e+00 -5.426988e+00 7.381474e+01 1.625284e+00 -2.651761e+00 1.400924e+00 -1.138857e+00 -2.747360e+00 2.876524e-01 -1.625226e+00 7.127974e-01 8.651432e-01 -1.471276e-02 3.123500e-01 2.512304e-03 3.102554e+00 -7.637462e-01 2.422298e-01 -1.874710e-01 1.217481e-01 6.610802e-01 4.235108e-01 7.048262e-01 -1.229553e-01 3.908835e-02 -9.552950e-02 1.742139e-01 3.266695e-01 -2.597613e-01
<VARIANCE> 39
 6.621665e+00 1.393913e+01 3.655636e+01 7.875796e+00 3.804543e+01 1.540880e+01 2.547272e+01 4.235846e+01 5.302056e+01 1.702710e+01 1.344347e+01 2.656427e+01 3.529808e+01 1.132699e+00 1.567922e+00 1.685551e+00 3.072972e+00 3.643177e+00 1.638787e+00 2.352299e+00 1.638870e+00 3.570698e+00 1.800120e+00 1.281262e+00 2.245202e+00 8.809422e-01 6.305034e-01 2.587418e-01 2.436528e-01 2.159002e-01 3.856170e-01 4.204777e-01 7.813498e-01 4.033689e-01 1.208771e-01 3.477871e-01 1.687913e-01 2.227292e-01 3.467059e-01
<GCONST> 1.043742e+02
<TRANSP> 5
 0.000000e+00 1.000000e+00 0.000000e+00 0.000000e+00 0.000000e+00
 0.000000e+00 4.799430e-01 5.200570e-01 0.000000e+00 0.000000e+00
 0.000000e+00 0.000000e+00 2.453998e-01 7.546002e-01 0.000000e+00
 0.000000e+00 0.000000e+00 0.000000e+00 4.910356e-01 5.089644e-01
 0.000000e+00 0.000000e+00 0.000000e+00 0.000000e+00 0.000000e+00
<ENDHMM>
~h "f"
<BEGINHMM>
<NUMSTATES> 5
<STATE> 2
<MEAN> 39
 -8.305328e+00 -6.267156e+00 -1.468636e+00 -4.153970e+00 -1.175973e+00 -5.330780e+00 -2.970506e+00 -7.443124e-01 7.126090e+00 -2.427982e+00 6.721817e-01 -5.502735e+00 6.441873e+01 -5.719675e-01 8.434142e-02 -5.107260e-02 2.175960e-01 4.023267e-02 8.436633e-02 1.741958e-01 -2.006041e-01 4.129947e-02 -6.127552e-02 3.282319e-02 9.401508e-02 2.758413e-01 -2.068132e-02 1.846017e-02 2.658804e-02 4.290484e-02 1.545772e-02 3.583854e-02 1.910930e-03 -1.516433e-02 2.292381e-02 5.515723e-02 1.018224e-02 4.087202e-02 1.787171e-02
<VARIANCE> 39
 2.510274e+01 1.188137e+01 1.574969e+01 2.146650e+01 2.175264e+01 1.715094e+01 1.576143e+01 3.740035e+01 2.256326e+01 2.280081e+01 2.020441e+01 1.383762e+01 9.367377e+00 2.666008e-01 6.257419e-01 7.900140e-01 1.577196e+00 1.928470e+00 1.500848e+00 1.526498e+00 2.322526e+00 1.968210e+00 1.757504e+00 1.930431e+00 1.570239e+00 2.857016e-01 4.069040e-02 1.044327e-01 1.499753e-01 2.471256e-01 2.913596e-01 2.932197e-01 3.012922e-01 4.283127e-01 3.702573e-01 3.151930e-01 3.550141e-01 3.106712e-01 1.927363e-02
<GCONST> 8.990233e+01
<STATE> 3
<MEAN> 39
 -1.720531e+01 -5.226366e+00 -1.262928e+00 -1.766707e-01 -1.034247e+00 -4.142057e+00 -1.227060e+00 -4.472563e+00 9.282301e+00 -1.804118e+00 1.708782e+00 -3.567040e+00 6.946152e+01 4.212527e-01 -1.022014e-02 -1.388855e-01 -2.661456e-01 7.586571e-02 1.280445e-01 1.991053e-01 -9.979714e-02 -3.442331e-02 1.931408e-02 -1.765464e-01 -1.569756e-01 -4.268356e-02 5.809436e-01 6.241539e-02 6.637695e-02 -2.872882e-01 -1.240283e-01 -3.025100e-03 -7.983547e-02 -1.239589e-01 -2.442609e-01 -2.696948e-01 -1.423561e-01 -1.568061e-01 -6.855122e-02
<VARIANCE> 39
 1.417857e+01 8.380298e+00 1.296047e+01 2.045914e+01 1.503318e+01 1.639379e+01 1.660830e+01 1.786777e+01 2.021246e+01 2.557137e+01 1.721060e+01 2.137679e+01 4.341571e+00 1.919504e+00 9.178906e-01 9.789456e-01 1.127202e+00 1.346876e+00 1.474552e+00 1.904920e+00 1.142665e+00 1.637619e+00 1.445136e+00 1.369429e+00 1.798008e+00 4.129988e-01 2.938123e-01 2.052676e-01 2.448084e-01 3.228273e-01 3.690147e-01 2.954306e-01 4.364960e-01 2.718250e-01 3.056518e-01 3.337459e-01 2.468086e-01 3.976811e-01 9.047534e-02
<GCONST> 9.316547e+01
<STATE> 4
<MEAN> 39
 -1.845906e+00 -5.371991e+00 -8.954521e-01 -1.036249e+01 -5.174301e+00 -6.572696e-01 -2.336104e+00 -7.720125e+00 5.133322e+00 -6.621939e+00 -5.489381e-01 -6.409408e+00 7.049870e+01 3.793241e+00 -4.940894e-01 2.840725e-01 -3.860527e+00 -2.251976e+00 1.546695e+00 -7.147611e-01 -7.069792e-01 -5.021216e-01 -1.679347e+00 4.042053e-01 5.942944e-02 1.780608e+00 -6.627962e-01 -3.585168e-01 -1.021902e-01 -1.012702e-01 -1.026562e-01 1.072214e-01 -2.940493e-02 3.390796e-01 3.013080e-01 1.592714e-01 2.091405e-01 2.455229e-01 3.896999e-01
<VARIANCE> 39
 5.457700e+01 3.609688e+01 1.990215e+01 7.197016e+01 4.005737e+01 3.211757e+01 1.879087e+01 3.990508e+01 2.105196e+01 1.906884e+01 2.052082e+01 2.091788e+01 2.777134e+01 4.090846e+00 4.760972e+00 2.387451e+00 2.682730e+00 2.964206e+00 2.884939e+00 2.291112e+00 2.729777e+00 3.166674e+00 2.223299e+00 3.284926e+00 3.618318e+00 1.758340e+00 1.039174e+00 3.552938e-01 3.001364e-01 1.404527e+00 9.314277e-01 4.392627e-01 3.656996e-01 4.574665e-01 4.960967e-01 3.952215e-01 5.244956e-01 5.373362e-01 4.440107e-01
<GCONST> 1.212383e+02
<TRANSP> 5
 0.000000e+00 1.000000e+00 0.000000e+00 0.000000e+00 0.000000e+00
 0.000000e+00 9.341050e-01 6.589498e-02 0.000000e+00 0.000000e+00
 0.000000e+00 0.000000e+00 8.560530e-01 1.439470e-01 0.000000e+00
 0.000000e+00 0.000000e+00 0.000000e+00 7.465764e-01 2.534237e-01
 0.000000e+00 0.000000e+00 0.000000e+00 0.000000e+00 0.000000e+00
<ENDHMM>
~h "i"
<BEGINHMM>
<NUMSTATES> 5
<STATE> 2
<MEAN> 39
 -3.642540e+00 -9.414310e+00 2.371529e+01 5.635956e-01 -1.890120e+01 -4.906364e+00 -1.449178e+01 -2.299873e+00 -3.666344e+00 -7.618556e+00 7.980091e+00 -1.033884e+00 7.464108e+01 -1.444933e-01 6.168603e-01 -1.088743e-01 1.735704e-02 4.230937e-01 4.494068e-01 3.791972e-01 1.824106e-01 -1.981644e-01 6.927982e-01 -1.436483e-01 -7.771409e-02 -5.472837e-01 6.632785e-02 -2.306716e-02 -2.617761e-01 6.413729e-02 1.724216e-01 -5.198043e-02 2.827953e-01 6.513649e-02 2.336688e-01 1.247081e-01 -1.385697e-01 6.385446e-03 -5.791669e-02
<VARIANCE> 39
 4.514268e+00 1.507615e+01 1.482987e+01 5.694369e+00 1.955073e+01 1.537251e+01 1.676103e+01 1.476696e+01 1.782098e+01 1.973547e+01 2.326068e+01 1.060257e+01 6.982488e+00 2.949249e-01 6.767905e-01 1.722378e+00 4.653866e-01 1.561146e+00 8.775039e-01 2.387070e+00 1.071436e+00 1.528375e+00 1.218984e+00 8.774986e-01 4.787029e-01 2.133231e-01 3.402303e-02 8.950724e-02 1.218139e-01 7.387023e-02 1.938704e-01 1.417952e-01 2.669974e-01 1.631517e-01 2.640464e-01 1.596529e-01 1.512223e-01 1.031928e-01 2.254398e-02
<GCONST> 7.414471e+01
<STATE> 3
<MEAN> 39
 -5.300170e+00 -4.436026e+00 1.378421e+01 4.078990e+00 -5.467823e+00 -1.060188e+00 2.287522e+00 4.149223e+00 2.559159e+00 -9.895633e-01 2.014341e+00 -1.987761e+00 6.611697e+01 -4.783394e-01 -1.029679e-01 -1.143278e+00 -3.179226e-02 1.439866e+00 -3.035503e-03 7.941667e-01 3.895154e-01 1.112942e+00 -3.561243e-01 -5.730432e-01 -1.010920e-02 -7.390614e-01 -4.056646e-02 -1.572872e-01 1.462420e-02 -1.538351e-01 -1.827860e-01 -1.959394e-01 -5.174583e-01 -1.738909e-01 -8.137582e-02 -1.681069e-01 2.764504e-02 3.891517e-02 3.916087e-02
<VARIANCE> 39
 5.185504e+00 8.842755e+00 1.979017e+01 9.889705e+00 3.271537e+01 1.822970e+01 3.634833e+01 1.865758e+01 3.741587e+01 2.897712e+01 2.286408e+01 2.374028e+01 7.193380e+00 1.573542e-01 6.018479e-01 1.074111e+00 1.383437e+00 1.661722e+00 2.961702e+00 5.868610e+00 1.834442e+00 1.842048e+00 2.298980e+00 1.794507e+00 2.030175e+00 1.189222e-01 2.971648e-02 7.742152e-02 2.329756e-01 1.932465e-01 2.229212e-01 4.584531e-01 5.805307e-01 2.948228e-01 4.129951e-01 5.242459e-01 3.284862e-01 3.432397e-01 2.396218e-02
<GCONST> 9.089893e+01
<STATE> 4
<MEAN> 39
 -8.927594e+00 -6.643734e+00 1.140789e+00 -1.827117e+00 1.554439e+00 -8.890978e+00 -5.336336e+00 2.715009e+00 6.366402e+00 -4.495176e+00 -1.372773e+00 -3.677022e+00 6.113580e+01 -1.435133e-01 -4.043402e-03 -8.853689e-01 -3.705955e-01 2.552044e-01 -2.544387e-01 -6.129298e-01 -7.476466e-01 -1.820913e-01 -4.017901e-02 -2.244642e-01 -2.896029e-01 -1.861329e-01 4.294331e-02 6.907370e-02 1.585611e-01 7.512635e-02 -2.215697e-02 1.664402e-01 1.342564e-01 -6.520650e-02 -1.121079e-02 4.527065e-02 6.660958e-02 -6.099782e-02 6.510967e-02
<VARIANCE> 39
 6.413340e+00 4.442737e+00 2.273528e+01 1.783745e+01 1.947987e+01 2.794631e+01 2.361509e+01 2.443924e+01 2.811256e+01 1.921510e+01 1.995164e+01 2.705416e+01 3.746107e+00 2.829041e-01 4.931810e-01 9.521125e-01 1.000290e+00 1.149909e+00 2.299927e+00 2.289825e+00 1.377779e+00 1.624650e+00 1.230296e+00 1.765364e+00 2.307753e+00 1.305699e-01 5.133728e-02 7.299385e-02 1.269777e-01 1.657571e-01 2.382162e-01 3.457200e-01 3.763601e-01 2.205689e-01 3.233125e-01 1.628946e-01 3.705957e-01 4.485817e-01 1.919851e-02
<GCONST> 8.463397e+01
<TRANSP> 5
 0.000000e+00 1.000000e+00 0.000000e+00 0.000000e+00 0.000000e+00
 0.000000e+00 9.306947e-01 6.930532e-02 0.000000e+00 0.000000e+00
 0.000000e+00 0.000000e+00 8.987000e-01 1.013000e-01 0.000000e+00
 0.000000e+00 0.000000e+00 0.000000e+00 9.093051e-01 9.069493e-02
 0.000000e+00 0.000000e+00 0.000000e+00 0.000000e+00 0.000000e+00
<ENDHMM>
~h "k"
<BEGINHMM>
<NUMSTATES> 5
<STATE> 2
<MEAN> 39
 -6.589704e+00 -7.657639e+00 6.091764e+00 -2.525978e+00 -9.316998e+00 -1.293351e+01 -5.308435e+00 -2.269152e+00 1.899948e+00 -4.949574e+00 3.853586e+00 -2.528178e+00 7.189288e+01 3.298709e-01 -3.010072e-01 -7.355610e-02 2.827253e-01 2.089772e-01 -2.055253e-02 -4.657488e-01 3.966348e-01 1.499061e-01 2.535039e-01 1.148967e-01 -2.778864e-02 -2.089302e-01 -2.384428e-01 4.358204e-02 -1.869068e-01 6.509872e-02 7.456955e-02 -2.688754e-02 1.898376e-01 -9.052920e-02 1.172337e-01 4.858653e-03 -5.234266e-02 4.506420e-02 7.949375e-02
<VARIANCE> 39
 1.925938e+01 4.619866e+01 9.434135e+01 2.183947e+01 7.566019e+01 2.117235e+01 3.852780e+01 3.221920e+01 6.690644e+01 3.275236e+01 2.933304e+01 1.788514e+01 6.448907e+01 4.075616e+00 4.813685e+00 9.252029e+00 2.392923e+00 6.035738e+00 2.202232e+00 6.067174e+00 2.997353e+00 6.843014e+00 2.363693e+00 2.587995e+00 2.177647e+00 4.211957e+00 4.211285e-01 6.059346e-01 7.939285e-01 4.340814e-01 6.437278e-01 3.608419e-01 7.529737e-01 5.214435e-01 9.721770e-01 4.842013e-01 3.209184e-01 4.487448e-01 5.008093e-01
<GCONST> 1.280267e+02
<STATE> 3
<MEAN> 39
 -1.682991e+01 -5.340684e+00 -7.754180e+00 6.643770e+00 1.903779e+00 -1.757648e+01 -4.521379e-01 -6.865545e+00 1.529013e+01 -4.338774e+00 -3.557074e+00 -1.595461e+00 7.170382e+01 -1.686316e+00 9.615145e-01 3.336465e-01 6.891449e-02 -2.545445e-01 -5.759588e-01 1.508113e+00 -8.288761e-01 8.158907e-01 -4.860907e-01 -1.073373e-01 2.231082e-01 8.348351e-01 1.038963e-01 2.275120e-01 1.544453e-01 -4.362998e-01 -1.232388e-01 4.393717e-01 1.604719e-01 1.701079e-01 -3.252583e-01 1.128452e-01 3.371629e-01 -1.215316e-01 -2.602451e-01
<VARIANCE> 39
 2.534243e+01 1.347113e+01 1.772183e+01 1.140726e+01 1.374611e+01 1.025272e+01 3.037166e+01 1.562908e+01 1.716762e+01 1.002705e+01 1.178056e+01 9.898503e+00 1.266452e+01 1.361204e+00 1.228653e+00 2.317020e+00 1.503638e+00 1.239695e+00 2.126113e+00 2.025064e+00 1.396966e+00 1.975159e+00 1.268644e+00 1.677986e+00 1.287310e+00 6.513441e-01 3.566273e-01 3.820984e-01 7.412146e-01 1.794664e-01 2.394073e-01 2.030145e-01 3.813649e-01 2.102185e-01 3.809904e-01 2.353601e-01 1.906698e-01 3.776813e-01 1.645726e-01
<GCONST> 9.500276e+01
<STATE> 4
<MEAN> 39
 -2.022227e+01 1.047105e+00 -5.905866e+00 -4.622959e-01 3.689597e+00 -1.429012e+01 7.108378e+00 -8.190445e+00 1.217469e+01 -5.439803e+00 -1.729275e+00 -2.862289e+00 7.224680e+01 4.196214e-01 9.231886e-02 2.326978e-01 -4.323472e-01 3.413725e-01 1.829305e-01 -2.915246e-01 3.207532e-01 -4.102632e-01 -8.654601e-02 -1.909578e-01 -2.600342e-01 -3.975096e-01 9.048012e-02 -6.972127e-02 4.883695e-02 6.268085e-02 -1.896846e-02 -3.394401e-02 -1.877512e-01 3.020582e-02 2.743926e-02 1.489892e-02 -6.904743e-02 -2.716351e-02 -6.520113e-02
<VARIANCE> 39
 9.736362e+00 8.024652e+00 1.543971e+01 2.087166e+01 2.086396e+01 1.347861e+01 2.787882e+01 2.097518e+01 2.428390e+01 1.814747e+01 2.304642e+01 1.568580e+01 6.518433e+00 3.595839e-01 3.645069e-01 7.060227e-01 8.157911e-01 9.311399e-01 1.669797e+00 2.646171e+00 1.556112e+00 1.260654e+00 1.478309e+00 1.113698e+00 1.172772e+00 1.778447e-01 3.216872e-02 5.037500e-02 1.161382e-01 1.071168e-01 1.886755e-01 3.020530e-01 3.483577e-01 2.842638e-01 2.483157e-01 3.040926e-01 2.089894e-01 2.648919e-01 1.373509e-02
<GCONST> 8.035595e+01
<TRANSP> 5
 0.000000e+00 1.000000e+00 0.000000e+00 0.000000e+00 0.000000e+00
 0.000000e+00 9.530832e-01 4.691681e-02 0.000000e+00 0.000000e+00
 0.000000e+00 0.000000e+00 8.515438e-01 1.484562e-01 0.000000e+00
 0.000000e+00 0.000000e+00 0.000000e+00 9.421675e-01 5.783248e-02
 0.000000e+00 0.000000e+00 0.000000e+00 0.000000e+00 0.000000e+00
<ENDHMM>
~h "n"
<BEGINHMM>
<NUMSTATES> 5
<STATE> 2
<MEAN> 39
 -2.776875e+00 -1.049304e+00 6.025268e+00 2.808975e+00 2.703754e+00 -6.086578e+00 -3.802015e+00 -2.849251e+00 4.853411e+00 2.310837e+00 2.551587e+00 -7.931707e+00 6.396777e+01 -4.438914e-01 8.898724e-01 -2.462118e-01 1.837891e-01 1.342236e+00 8.232763e-01 1.047139e+00 4.250269e-01 6.596672e-02 5.073692e-01 -4.722747e-01 -2.415204e-01 -8.334271e-01 -6.151649e-02 -4.293135e-01 7.599617e-02 -1.915887e-01 -3.926354e-01 1.737610e-01 1.303582e-01 2.940041e-01 1.904980e-01 -3.198054e-01 1.977570e-02 2.169618e-01 1.941412e-01
<VARIANCE> 39
 8.291474e+00 1.724139e+01 1.052832e+01 1.914801e+01 2.137309e+01 2.713282e+01 1.410071e+01 2.247178e+01 1.797114e+01 2.354439e+01 1.672657e+01 1.164349e+01 6.775212e+00 3.587107e-01 1.787466e+00 9.081920e-01 9.472587e-01 1.846696e+00 1.473948e+00 1.460069e+00 5.699868e+00 2.014930e+00 3.092497e+00 2.216576e+00 1.480631e+00 5.387684e-01 6.649739e-02 2.405106e-01 1.385941e-01 1.645090e-01 2.563785e-01 2.710191e-01 2.880123e-01 6.970583e-01 2.925979e-01 3.898570e-01 3.564708e-01 2.160125e-01 6.170269e-02
<GCONST> 9.251578e+01
<STATE> 3
<MEAN> 39
 -4.735659e+00 -4.777348e+00 1.915552e+00 -2.998396e+00 2.985924e+00 -1.412234e+00 -1.590914e+00 2.131423e+00 8.127493e+00 4.356586e-01 -7.184874e-01 -7.709055e+00 6.298318e+01 -3.272740e-01 -3.881895e-01 -2.466709e-01 -3.103696e-01 -2.661299e-01 -1.798006e-01 -3.377045e-02 2.216119e-01 1.410395e-01 -3.083514e-01 -2.290325e-01 1.480177e-01 -1.757632e-01 1.152729e-03 -3.211239e-02 8.150278e-03 -1.095826e-02 -1.452789e-01 -1.902775e-01 -2.182562e-01 -2.544613e-01 -7.105564e-02 -1.430356e-02 7.138032e-02 4.653271e-02 4.954375e-02
<VARIANCE> 39
 6.839359e+00 2.243416e+01 2.811322e+01 3.490959e+01 1.921039e+01 2.876237e+01 2.489382e+01 2.089167e+01 2.478912e+01 2.028865e+01 2.319866e+01 2.161456e+01 4.791939e+00 3.267731e-01 1.304355e+00 1.008147e+00 1.980208e+00 1.476261e+00 1.853438e+00 1.605017e+00 1.985575e+00 2.094573e+00 1.660345e+00 1.885045e+00 1.658180e+00 1.918554e-01 5.191047e-02 2.489831e-01 1.561645e-01 3.157636e-01 3.152014e-01 3.241909e-01 2.847314e-01 3.675786e-01 3.988671e-01 2.721546e-01 3.970019e-01 3.305126e-01 4.239292e-02
<GCONST> 9.360361e+01
<STATE> 4
<MEAN> 39
 -5.953519e+00 -3.855158e+00 4.932806e+00 -1.384275e+00 7.110977e-02 -5.769045e+00 -3.893542e+00 -2.086854e+00 6.290465e+00 -6.956700e-01 -2.393602e-01 -6.016614e+00 6.228036e+01 2.022657e-01 -3.230536e-01 7.678396e-02 -2.739917e-02 -5.638838e-01 -6.380087e-02 -4.103765e-01 -5.129060e-01 1.100174e-01 9.455026e-02 1.812472e-01 7.694063e-02 4.231102e-01 5.523643e-02 -6.076044e-02 -1.657966e-01 -1.272355e-02 3.239144e-02 8.262371e-02 -2.678468e-02 1.078842e-01 3.647887e-02 -1.337833e-02 -2.669018e-02 -8.165233e-02 9.715442e-02
<VARIANCE> 39
 2.448671e+01 2.080815e+01 2.619884e+01 2.041241e+01 3.415280e+01 1.773049e+01 2.031643e+01 4.026809e+01 3.353929e+01 4.141494e+01 2.139721e+01 2.259925e+01 1.200702e+01 1.153800e+00 2.420643e+00 1.803916e+00 1.808797e+00 2.546669e+00 2.058063e+00 1.898198e+00 2.182828e+00 2.624825e+00 3.048929e+00 2.386236e+00 2.366007e+00 9.052754e-01 1.607959e-01 3.752771e-01 3.082904e-01 3.307279e-01 4.739330e-01 4.139178e-01 3.580374e-01 4.703147e-01 4.792463e-01 5.797021e-01 5.007761e-01 4.618322e-01 1.393565e-01
<GCONST> 1.089909e+02
<TRANSP> 5
 0.000000e+00 1.000000e+00 0.000000e+00 0.000000e+00 0.000000e+00
 0.000000e+00 6.680894e-01 3.319106e-01 0.000000e+00 0.000000e+00
 0.000000e+00 0.000000e+00 8.432739e-01 1.567262e-01 0.000000e+00
 0.000000e+00 0.000000e+00 0.000000e+00 8.340824e-01 1.659176e-01
 0.000000e+00 0.000000e+00 0.000000e+00 0.000000e+00 0.000000e+00
<ENDHMM>
~h "o"
<BEGINHMM>
<NUMSTATES> 5
<STATE> 2
<MEAN> 39
 7.073592e+00 -1.409598e+01 -2.973566e+00 -5.327138e+00 -6.851899e+00 -4.335299e+00 -1.289844e+01 -1.062107e+01 1.084637e+01 -9.546684e-02 1.464851e+00 3.191636e+00 7.541035e+01 1.410197e-02 5.277643e-02 -3.788865e-01 -6.340849e-01 -1.989986e-01 4.194321e-01 8.037269e-01 5.228187e-01 -1.100197e-01 -2.423057e-02 4.238750e-01 6.258947e-02 -1.128428e-01 -4.988706e-02 1.031466e-01 7.228234e-02 7.574473e-02 3.390286e-02 -6.694911e-02 4.309879e-02 8.236731e-02 -9.902098e-02 -8.752043e-02 2.353045e-02 -6.515468e-03 -4.965157e-02
<VARIANCE> 39
 8.476480e-01 4.049370e+00 5.800472e+00 1.382961e+01 4.347612e+00 8.308410e+00 1.818924e+01 2.258428e+01 1.086133e+01 1.525575e+01 1.163238e+01 1.040554e+01 1.051621e+00 1.124317e-01 7.023609e-01 1.812120e-01 2.880176e-01 3.867377e-01 2.796390e-01 4.069583e-01 1.139360e+00 1.615928e+00 8.810737e-01 5.399700e-01 7.851797e-01 1.575143e-01 1.686375e-02 5.339088e-02 3.149934e-02 5.360006e-02 6.603090e-02 1.033656e-01 7.414294e-02 2.303573e-01 1.940496e-01 1.359626e-01 8.058666e-02 1.154914e-01 1.175671e-02
<GCONST> 5.081041e+01
<STATE> 3
<MEAN> 39
 4.438548e+00 -5.338945e+00 -3.092983e+00 -8.133947e+00 -1.434721e+00 -5.262098e-01 7.279414e-01 -4.400982e+00 1.583361e+00 -1.502789e+00 4.107804e+00 5.190529e+00 6.940422e+01 -7.494576e-01 7.295195e-01 7.012362e-01 6.119446e-01 1.184695e+00 6.523546e-01 1.449494e+00 7.052020e-01 -5.966974e-01 1.918121e-01 -4.987423e-01 -1.039249e-01 -8.295153e-01 -1.374288e-01 -1.630657e-01 1.790664e-01 4.641375e-02 -1.033209e-04 8.606337e-02 -6.296606e-02 -1.826877e-02 1.956915e-01 -6.563016e-02 -1.131328e-01 -1.044186e-01 5.068572e-03
<VARIANCE> 39
 7.663260e+00 7.961104e+00 1.015229e+01 1.697199e+01 2.882660e+01 2.346636e+01 4.027268e+01 4.055466e+01 2.062250e+01 2.112700e+01 1.171132e+01 1.151595e+01 6.830404e+00 3.727819e-01 8.191164e-01 7.945544e-01 1.208312e+00 9.284942e-01 1.952910e+00 7.223478e-01 1.882109e+00 1.801312e+00 1.020040e+00 1.582787e+00 7.342980e-01 2.667013e-01 3.284515e-02 5.661378e-02 9.938014e-02 1.945725e-01 1.698098e-01 2.067505e-01 1.530500e-01 4.137863e-01 2.381390e-01 1.859294e-01 2.756055e-01 1.647914e-01 3.781841e-02
<GCONST> 8.104156e+01
<STATE> 4
<MEAN> 39
 -5.011630e+00 -6.603041e+00 -5.417745e-01 -6.594378e+00 3.187778e+00 3.210596e+00 3.912080e+00 -2.853580e+00 1.470162e+00 -2.838357e+00 7.884420e-01 1.782890e+00 6.301862e+01 -5.828181e-01 -3.544286e-01 -4.679322e-01 -4.115557e-01 -1.522839e-03 -5.203082e-01 -8.349908e-01 -2.050480e-02 3.708763e-01 -1.532544e-01 -1.756101e-01 -7.018270e-01 -2.769904e-01 9.634478e-02 -1.121771e-02 -1.633889e-01 -9.480067e-02 -6.011210e-02 -2.763011e-01 -1.399800e-01 9.991381e-02 1.004092e-01 1.125189e-01 5.160692e-02 -5.415107e-02 1.028592e-01
<VARIANCE> 39
 6.679465e+00 1.572306e+01 2.767357e+01 1.877655e+01 3.241170e+01 2.681833e+01 2.816625e+01 2.900837e+01 3.782691e+01 1.802471e+01 3.354652e+01 3.987763e+01 2.932551e+00 6.070822e-01 4.863172e-01 1.834643e+00 1.134643e+00 1.225279e+00 1.711481e+00 1.633573e+00 2.280878e+00 2.901181e+00 1.519845e+00 2.043200e+00 1.836281e+00 2.637168e-01 3.004773e-02 1.105960e-01 4.418449e-01 2.442474e-01 2.332500e-01 2.938151e-01 2.919530e-01 3.529115e-01 6.060788e-01 2.824256e-01 3.752609e-01 2.734207e-01 1.724515e-02
<GCONST> 9.291077e+01
<TRANSP> 5
 0.000000e+00 1.000000e+00 0.000000e+00 0.000000e+00 0.000000e+00
 0.000000e+00 9.344591e-01 6.554094e-02 0.000000e+00 0.000000e+00
 0.000000e+00 0.000000e+00 8.868049e-01 1.131950e-01 0.000000e+00
 0.000000e+00 0.000000e+00 0.000000e+00 9.020194e-01 9.798053e-02
 0.000000e+00 0.000000e+00 0.000000e+00 0.000000e+00 0.000000e+00
<ENDHMM>
~h "r"
<BEGINHMM>
<NUMSTATES> 5
<STATE> 2
<MEAN> 39
 -4.196796e-01 -8.551005e+00 7.773615e+00 3.273959e-01 -5.241130e+00 -1.152011e+01 -5.759731e+00 -4.948533e+00 4.707753e+00 -2.742044e+00 7.647282e-01 -1.732940e+00 7.343037e+01 4.246086e-01 -1.358736e+00 1.152085e+00 4.023524e-01 -7.199529e-01 -1.913173e-01 -9.598693e-01 1.123261e+00 1.196679e-01 -6.932985e-01 3.376538e-01 -2.473220e-01 1.596598e-01 -2.646858e-01 -2.937900e-02 -1.939282e-01 8.599348e-02 -1.812772e-01 2.305827e-02 4.172318e-02 -1.725320e-02 1.496827e-01 -4.781909e-01 -4.223261e-03 1.575351e-01 -1.366502e-02
<VARIANCE> 39
 1.901461e+01 1.740014e+01 1.696750e+02 1.974251e+01 6.250440e+01 3.788092e+01 2.724033e+01 5.793275e+01 1.517535e+01 6.909920e+01 1.152472e+01 1.399041e+01 1.598512e+01 2.030419e+00 1.961025e+00 2.600143e+00 3.617317e+00 4.747883e+00 3.176152e+00 1.824488e+00 2.451537e+00 1.019043e+00 3.068218e+00 1.509973e+00 2.283619e+00 1.705845e+00 2.965792e-01 2.167764e-01 9.452736e-01 4.004212e-01 5.661839e-01 4.142989e-01 2.661163e-01 6.483882e-01 2.797430e-01 5.818004e-01 4.113352e-01 2.606845e-01 7.941493e-02
<GCONST> 1.127809e+02
<STATE> 3
<MEAN> 39
 1.560033e+00 -1.485814e+01 1.193011e+01 2.497938e+00 -1.144040e+01 -1.311329e+01 -1.252528e+01 -3.168712e+00 6.809262e+00 -8.524958e+00 1.659609e+00 2.951520e-01 7.625136e+01 1.156579e-01 -2.396084e-01 9.076549e-02 3.377394e-01 -4.508583e-01 5.769128e-01 -1.005650e+00 3.219695e-01 -2.082601e-01 -5.584053e-01 6.208075e-01 5.506570e-01 2.486581e-02 -1.873367e-01 5.339203e-01 -1.829822e-01 -3.062810e-01 2.893749e-01 4.672823e-01 1.977257e-01 -5.269865e-01 -4.284292e-01 5.355130e-01 1.310649e-01 -1.342519e-01 -2.142534e-01
<VARIANCE> 39
 7.828798e+00 1.896909e+01 6.779003e+01 1.628389e+01 6.803296e+01 3.119798e+01 3.512294e+01 2.222523e+01 1.118223e+01 4.257014e+01 1.504033e+01 1.133669e+01 1.676982e+01 2.064142e+00 1.292944e+00 1.147608e+01 1.651027e+00 4.654268e+00 1.686705e+00 1.477600e+00 4.374282e+00 3.035185e+00 7.431523e+00 3.627926e+00 1.298599e+00 8.242753e-01 1.653960e-01 1.685902e-01 4.469128e-01 3.161731e-01 4.956406e-01 2.571470e-01 2.757495e-01 2.426256e-01 3.054810e-01 5.381197e-01 4.609581e-01 2.589387e-01 9.672797e-02
<GCONST> 1.078833e+02
<STATE> 4
<MEAN> 39
 -1.592815e+00 -1.015554e+01 9.816183e-01 2.005013e+00 -2.042454e+00 -5.514953e+00 -4.615468e+00 -2.588807e+00 4.413303e+00 -2.726354e+00 2.462084e+00 -3.167244e+00 6.752338e+01 -2.855639e-01 1.429916e-01 3.538677e-01 -6.052269e-01 -2.927003e-01 5.392990e-01 -1.637305e-01 -7.817196e-01 -5.631748e-01 2.953363e-01 3.716391e-01 -3.384476e-02 -3.929514e-01 1.374109e-02 2.926405e-02 1.545540e-03 -1.461149e-01 3.721852e-02 -1.686246e-01 -1.801316e-02 2.576597e-02 1.943414e-02 -5.390557e-02 -1.131501e-01 1.766176e-02 6.481683e-02
<VARIANCE> 39
 1.740182e+01 1.420981e+01 7.784247e+01 1.239290e+01 9.471934e+01 3.988992e+01 7.523863e+01 5.735503e+01 2.140718e+01 2.705084e+01 2.121220e+01 2.404620e+01 3.938049e+01 7.036563e-01 8.019384e-01 1.872933e+00 8.059574e-01 1.917061e+00 2.788082e+00 1.749861e+00 2.153095e+00 2.622337e+00 1.500874e+00 1.872711e+00 1.522117e+00 1.880587e-01 5.636710e-02 1.507347e-01 3.318607e-01 1.762249e-01 4.920601e-01 4.797954e-01 3.585232e-01 4.668456e-01 3.493431e-01 4.560901e-01 3.187638e-01 4.000175e-01 5.309035e-02
<GCONST> 1.028543e+02
<TRANSP> 5
 0.000000e+00 1.000000e+00 0.000000e+00 0.000000e+00 0.000000e+00
 0.000000e+00 6.505267e-01 3.494734e-01 0.000000e+00 0.000000e+00
 0.000000e+00 0.000000e+00 6.517147e-01 3.482853e-01 0.000000e+00
 0.000000e+00 0.000000e+00 0.000000e+00 6.770681e-01 3.229319e-01
 0.000000e+00 0.000000e+00 0.000000e+00 0.000000e+00 0.000000e+00
<ENDHMM>
~h "s"
<BEGINHMM>
<NUMSTATES> 5
<STATE> 2
<MEAN> 39
 -9.649618e+00 -4.598942e+00 6.964996e-03 -3.997866e+00 3.085235e+00 -8.457243e+00 -3.556907e+00 -5.596812e-01 8.346921e+00 -1.890207e+00 1.387292e+00 -5.623652e+00 6.402809e+01 -1.116957e+00 5.126737e-01 -4.707674e-01 2.726752e-01 3.099424e-01 -1.054381e+00 1.029247e+00 -8.936419e-01 4.025577e-01 -4.619411e-02 -4.625116e-02 1.870596e-01 6.005736e-01 -2.871306e-01 1.906059e-01 -2.289970e-01 9.637035e-02 -1.167938e-01 -3.291893e-02 3.075036e-01 -1.743681e-01 -6.300376e-02 -2.031344e-01 -4.792263e-02 1.679552e-01 1.266660e-01
<VARIANCE> 39
 1.186690e+01 1.303871e+01 2.042940e+01 2.146801e+01 2.392734e+01 2.409475e+01 4.588470e+01 4.265902e+01 1.406560e+01 2.050372e+01 2.332996e+01 8.072579e+00 5.834319e+00 1.214160e+00 9.857188e-01 9.519734e-01 1.393723e+00 2.469724e+00 2.752284e+00 4.219781e+00 2.488816e+00 1.700777e+00 2.381783e+00 2.210138e+00 1.684855e+00 6.317257e-01 9.208344e-02 1.271633e-01 1.467446e-01 1.825189e-01 3.643118e-01 3.456829e-01 6.020165e-01 4.741225e-01 2.500733e-01 4.567500e-01 4.302878e-01 2.876317e-01 4.231972e-02
<GCONST> 9.757550e+01
<STATE> 3
<MEAN> 39
 -1.729398e+01 -3.722100e-01 -4.279766e+00 -8.839318e-01 1.737535e+00 -1.082857e+01 3.561947e+00 -5.175076e+00 8.943108e+00 -3.871213e+00 1.033157e+00 -3.517879e+00 6.802137e+01 -1.354536e+00 5.361547e-01 -7.710319e-01 3.790645e-01 -8.982776e-01 1.782017e-01 6.813294e-01 -6.085309e-01 1.196055e-01 -2.025599e-01 3.537794e-01 2.147980e-01 7.440045e-01 1.518967e-01 -1.237265e-01 1.008798e-01 -3.702821e-02 -1.255145e-01 1.806692e-01 -2.418950e-01 1.338378e-01 -8.385140e-02 2.992340e-02 2.239706e-02 -1.057546e-01 -6.533882e-02
<VARIANCE> 39
 1.326476e+01 1.321354e+01 1.654835e+01 2.370140e+01 2.615743e+01 2.927435e+01 3.435691e+01 3.706418e+01 2.665783e+01 2.361417e+01 2.951573e+01 1.320548e+01 9.076785e+00 6.452349e-01 5.986488e-01 7.084685e-01 1.090854e+00 9.944531e-01 1.122097e+00 1.763842e+00 2.034121e+00 1.389660e+00 1.651862e+00 1.309838e+00 1.154337e+00 2.671372e-01 4.043987e-02 8.245036e-02 1.127809e-01 1.683416e-01 2.201065e-01 3.003051e-01 2.688371e-01 3.821634e-01 3.143239e-01 3.506541e-01 2.667259e-01 2.468766e-01 2.609348e-02
<GCONST> 8.809309e+01
<STATE> 4
<MEAN> 39
 -2.295101e+01 1.032144e+00 -7.562707e+00 1.658172e+00 -2.390781e+00 -9.196414e+00 4.088084e+00 -8.123149e+00 9.979773e+00 -5.671218e+00 1.282362e+00 -2.326486e+00 7.133204e+01 -4.669652e-02 1.222365e-02 4.677266e-02 1.093537e-01 -9.998444e-02 2.196633e-01 -1.249893e-01 3.676973e-02 2.839441e-02 -1.945333e-02 -2.306445e-01 8.546041e-02 1.326139e-01 2.746947e-01 -8.740819e-02 1.332391e-01 -5.817681e-02 9.774192e-02 -5.712388e-02 -4.996792e-02 3.358823e-02 -5.805408e-02 3.527773e-02 -8.341537e-02 -5.434508e-02 -4.713231e-02
<VARIANCE> 39
 6.240963e+00 7.665166e+00 1.502864e+01 1.818270e+01 2.624088e+01 2.128757e+01 3.756769e+01 2.388523e+01 2.876998e+01 2.140941e+01 2.361158e+01 2.553197e+01 3.482982e+00 4.731534e-01 5.315182e-01 6.942860e-01 8.814369e-01 9.214214e-01 1.535145e+00 1.661796e+00 1.256149e+00 1.478905e+00 1.532036e+00 1.737473e+00 1.456492e+00 1.220652e-01 1.477538e-01 6.671658e-02 9.749036e-02 1.768374e-01 2.067482e-01 3.212249e-01 3.681422e-01 2.508863e-01 2.697819e-01 2.842345e-01 3.554975e-01 3.136920e-01 2.020214e-02
<GCONST> 8.476987e+01
<TRANSP> 5
 0.000000e+00 1.000000e+00 0.000000e+00 0.000000e+00 0.000000e+00
 0.000000e+00 7.411504e-01 2.588496e-01 0.000000e+00 0.000000e+00
 0.000000e+00 0.000000e+00 7.907323e-01 2.092677e-01 0.000000e+00
 0.000000e+00 0.000000e+00 0.000000e+00 8.721901e-01 1.278099e-01
 0.000000e+00 0.000000e+00 0.000000e+00 0.000000e+00 0.000000e+00
<ENDHMM>
~h "t"
<BEGINHMM>
<NUMSTATES> 5
<STATE> 2
<MEAN> 39
 -5.201898e+00 -4.139469e+00 -3.868247e-01 -4.924014e+00 -2.015147e+00 -6.099031e+00 -5.698572e+00 1.006640e+00 4.239936e+00 -2.735941e+00 2.567639e+00 -4.578583e+00 6.315050e+01 -6.710381e-02 -2.821224e-03 2.894191e-01 -1.280797e-01 -2.688722e-01 -2.274480e-01 8.184637e-02 9.118956e-02 -8.781969e-02 -1.319567e-01 2.393866e-01 1.697906e-01 -4.869246e-02 -7.507384e-02 6.072893e-02 3.205637e-02 8.589722e-02 1.460777e-01 8.783559e-03 2.026975e-02 -9.519150e-02 -6.211427e-03 2.025774e-02 -2.543169e-02 -3.309527e-02 -5.361434e-02
<VARIANCE> 39
 1.290431e+01 2.267869e+01 2.456234e+01 1.511320e+01 4.742094e+01 4.303708e+01 2.070810e+01 1.992439e+01 1.590172e+01 1.657697e+01 1.490865e+01 2.676598e+01 1.534161e+01 4.357470e-01 5.443735e-01 8.279737e-01 1.441227e+00 2.049507e+00 1.708720e+00 1.577346e+00 2.102774e+00 1.356430e+00 1.580157e+00 1.383684e+00 1.617644e+00 2.082248e-01 6.225055e-02 8.917287e-02 1.048786e-01 2.433440e-01 3.890379e-01 2.469079e-01 2.938663e-01 4.227037e-01 2.344203e-01 2.148357e-01 2.778584e-01 3.218385e-01 4.506534e-02
<GCONST> 9.060685e+01
<STATE> 3
<MEAN> 39
 -3.153568e+00 -9.623819e+00 2.037889e+01 -3.773843e+00 -2.022673e+01 -8.664483e+00 -1.111769e+01 -2.711037e+00 -3.513712e+00 -4.560069e+00 6.846162e+00 -2.031799e+00 7.477441e+01 -5.137391e-02 2.831663e-01 2.736556e-01 3.057604e-01 3.443275e-01 1.551948e-01 9.420194e-02 -2.441084e-01 -4.389932e-03 -7.804562e-03 5.208981e-02 -1.054352e-01 -3.671525e-01 -2.079011e-02 7.210821e-02 -2.396096e-01 -1.189196e-02 2.223230e-01 -4.920175e-03 8.308643e-02 1.176483e-01 1.339312e-01 3.506334e-02 -1.190441e-01 -1.792610e-02 -1.228265e-01
<VARIANCE> 39
 3.204713e+00 1.159905e+01 4.831353e+01 1.830615e+01 2.994805e+01 2.016828e+01 2.797315e+01 2.674796e+01 3.363677e+01 1.062355e+01 2.040122e+01 8.963444e+00 2.151685e+01 1.394605e-01 3.696323e-01 2.358006e+00 7.081552e-01 1.974722e+00 7.222822e-01 1.050897e+00 1.226682e+00 1.147322e+00 6.197071e-01 9.466115e-01 5.877895e-01 5.819482e-01 3.345425e-02 4.963754e-02 2.326462e-01 1.416364e-01 2.790237e-01 1.363360e-01 1.451462e-01 1.651959e-01 1.797709e-01 1.281804e-01 1.167144e-01 1.368612e-01 6.276618e-02
<GCONST> 7.845454e+01
<STATE> 4
<MEAN> 39
 -8.134727e+00 -3.749433e+00 3.228981e+00 -2.588499e+00 -1.199543e+00 -7.433827e+00 -2.741736e+00 8.184242e-01 7.540256e+00 -4.237765e+00 6.144397e-01 -2.187324e+00 6.222375e+01 -3.558528e-01 -3.157485e-02 -7.257257e-01 -3.391634e-01 4.521826e-01 1.104916e-01 2.574417e-01 1.566415e-01 2.498420e-01 1.795585e-01 -1.456196e-01 4.452480e-02 -4.468049e-02 -9.139837e-02 -1.049018e-01 1.477099e-01 -1.042055e-01 -2.510552e-01 6.140248e-02 -1.992200e-01 -2.144479e-02 -1.638551e-01 -1.276006e-02 1.060965e-01 6.761281e-02 2.152273e-01
<VARIANCE> 39
 1.921386e+01 1.158333e+01 2.962806e+01 1.982684e+01 2.196245e+01 2.885787e+01 2.320579e+01 1.802962e+01 3.310372e+01 2.480514e+01 1.752195e+01 2.519097e+01 1.120343e+01 1.588489e+00 1.463514e+00 3.092317e+00 1.928249e+00 4.095973e+00 3.079205e+00 2.983097e+00 2.479841e+00 4.071713e+00 2.434581e+00 1.766950e+00 2.371505e+00 1.706924e+00 3.051034e-01 2.327031e-01 4.395469e-01 4.092722e-01 6.643778e-01 5.406629e-01 6.125388e-01 4.789236e-01 5.869179e-01 4.475271e-01 3.065832e-01 4.215963e-01 3.050254e-01
<GCONST> 1.114086e+02
<TRANSP> 5
 0.000000e+00 1.000000e+00 0.000000e+00 0.000000e+00 0.000000e+00
 0.000000e+00 8.301788e-01 1.698213e-01 0.000000e+00 0.000000e+00
 0.000000e+00 0.000000e+00 8.960350e-01 1.039650e-01 0.000000e+00
 0.000000e+00 0.000000e+00 0.000000e+00 9.046257e-01 9.537426e-02
 0.000000e+00 0.000000e+00 0.000000e+00 0.000000e+00 0.000000e+00
<ENDHMM>
~h "u"
<BEGINHMM>
<NUMSTATES> 5
<STATE> 2
<MEAN> 39
 -2.109434e+01 -4.451472e+00 4.080750e+00 -7.354273e+00 -6.659245e+00 -5.783992e-01 -6.393322e+00 1.510323e+00 3.156600e+00 -3.015587e+00 1.837450e+00 7.855297e-01 7.257767e+01 -9.747923e-01 9.577434e-02 5.574704e-01 4.941705e-01 -8.368405e-01 -1.054776e-01 1.316762e-01 -1.786423e-01 -1.941474e-01 -2.763337e-01 1.509151e-02 3.930244e-02 8.522262e-01 4.676400e-01 6.876586e-02 6.403910e-02 3.314998e-01 1.343888e-01 -2.544383e-01 1.355817e-01 -8.680579e-02 -2.348509e-02 -1.545456e-01 -1.261086e-01 -1.926724e-01 -3.165900e-01
<VARIANCE> 39
 2.711497e+01 1.901094e+01 1.434914e+01 3.166281e+01 2.232159e+01 3.058634e+01 3.672202e+01 3.644947e+01 3.400372e+01 1.650704e+01 2.127010e+01 2.450141e+01 1.144876e+01 3.597602e+00 2.600132e+00 9.707400e-01 3.349907e+00 1.252556e+00 2.854221e+00 3.538756e+00 2.028385e+00 1.440122e+00 2.280740e+00 1.829875e+00 2.372110e+00 2.258692e+00 2.830602e-01 6.386253e-01 2.215036e-01 4.568118e-01 2.094653e-01 3.777876e-01 5.892252e-01 3.115445e-01 3.313074e-01 4.682419e-01 3.737357e-01 5.050342e-01 1.408192e-01
<GCONST> 1.091986e+02
<STATE> 3
<MEAN> 39
 -9.876744e+00 -6.126682e+00 1.334197e+01 3.273994e+00 -9.644840e+00 -9.436936e+00 -9.681182e+00 -1.214522e+00 -3.481340e-01 -9.630760e+00 8.503755e-01 -3.127270e+00 7.331868e+01 2.796366e+00 -7.853094e-01 1.711210e+00 1.028885e+00 -2.852959e-01 -1.693271e+00 -2.374438e+00 -5.086616e-02 -2.827529e-01 -1.141376e+00 5.495480e-01 -3.253974e-01 6.141101e-01 -3.847323e-01 -9.404311e-02 -1.602360e-01 -3.176760e-01 -6.666793e-02 1.955538e-01 -8.264191e-02 1.844784e-01 1.175104e-01 1.244545e-01 2.729800e-01 1.803643e-01 1.949271e-01
<VARIANCE> 39
 5.332758e+01 1.323903e+01 2.242893e+01 1.618276e+01 1.801323e+01 2.602308e+01 6.139497e+01 2.508573e+01 2.151062e+01 1.574255e+01 2.184394e+01 1.289812e+01 1.125907e+01 3.234342e+00 1.348881e+00 1.247796e+00 1.437208e+00 1.030693e+00 1.813609e+00 3.867203e+00 7.847893e-01 1.678037e+00 1.468824e+00 2.608703e+00 1.555616e+00 9.389843e-01 7.661700e-01 2.983124e-01 3.242213e-01 1.535911e-01 1.965875e-01 3.514772e-01 1.337062e+00 1.596665e-01 2.345309e-01 2.258687e-01 4.888508e-01 1.845418e-01 2.148964e-01
<GCONST> 1.019674e+02
<STATE> 4
<MEAN> 39
 -1.774109e+00 -7.498827e+00 1.267593e+01 3.463301e+00 -5.324935e+00 -1.245040e+01 -1.694882e+01 2.559773e-02 3.626297e+00 -7.849928e+00 4.017404e+00 -4.398886e+00 7.278976e+01 6.365291e-02 2.604064e-01 -4.627466e-01 -6.198796e-02 4.038289e-01 3.003224e-01 2.671420e-01 7.389970e-02 3.670862e-01 5.181364e-01 -1.829475e-01 -1.732684e-01 -3.958277e-01 -2.726378e-02 3.025452e-02 -2.796086e-02 -1.699970e-02 3.374604e-02 4.912245e-02 7.515830e-02 -1.951894e-03 4.050909e-02 2.994025e-02 -4.334518e-02 -8.935480e-03 -3.971998e-02
<VARIANCE> 39
 4.425312e+00 1.453280e+01 2.903270e+01 9.311237e+00 3.399670e+01 1.873868e+01 2.668756e+01 1.704734e+01 3.314939e+01 5.406400e+01 1.800791e+01 1.251500e+01 2.285330e+01 1.547371e-01 3.430381e-01 4.384045e-01 3.348782e-01 6.290130e-01 8.513050e-01 1.045208e+00 8.148362e-01 8.810935e-01 8.813394e-01 7.135462e-01 5.599049e-01 1.359036e-01 2.030207e-02 5.172138e-02 6.733596e-02 6.419373e-02 9.690830e-02 1.188657e-01 1.486759e-01 1.358342e-01 1.597546e-01 1.173242e-01 1.328999e-01 1.038754e-01 1.448167e-02
<GCONST> 6.808635e+01
<TRANSP> 5
 0.000000e+00 1.000000e+00 0.000000e+00 0.000000e+00 0.000000e+00
 0.000000e+00 9.080582e-01 9.194180e-02 0.000000e+00 0.000000e+00
 0.000000e+00 0.000000e+00 8.347104e-01 1.652897e-01 0.000000e+00
 0.000000e+00 0.000000e+00 0.000000e+00 9.639221e-01 3.607792e-02
 0.000000e+00 0.000000e+00 0.000000e+00 0.000000e+00 0.000000e+00
<ENDHMM>
~h "v"
<BEGINHMM>
<NUMSTATES> 5
<STATE> 2
<MEAN> 39
 -7.794454e-01 -1.573601e+01 -3.728017e-01 -9.892196e+00 -6.550789e+00 -7.250938e+00 -5.168267e+00 -4.389472e+00 1.616398e+01 -5.947130e+00 -5.227659e+00 -1.070626e+01 8.135728e+01 2.656547e-01 -2.608373e-01 5.271548e-02 -4.757771e-01 4.830142e-01 7.364641e-01 1.586080e-01 -1.646912e-01 1.567002e-01 1.722318e-01 4.764740e-01 -1.334698e-01 -1.388903e-01 -1.358318e-01 5.690986e-01 2.031171e-02 3.584935e-01 2.375628e-01 -2.355874e-02 -1.601646e-01 -2.143477e-01 -4.504228e-01 2.010995e-01 4.236463e-01 2.003258e-01 -5.409026e-01
<VARIANCE> 39
 2.182082e+00 8.568746e+00 1.324460e+01 6.779964e+00 8.845894e+00 2.264221e+01 2.105905e+01 2.645253e+01 2.778896e+01 2.304750e+01 1.733860e+01 1.506812e+01 7.251614e+00 2.151288e-01 2.248040e+00 3.818157e-01 8.403238e-01 5.696785e-01 1.220741e+00 2.631817e+00 1.678920e+00 1.357312e+00 1.488149e+00 3.488718e+00 4.482989e-01 1.458523e+00 2.006853e-01 8.810724e-02 8.348938e-02 1.020215e-01 1.121446e-01 2.647067e-01 6.587414e-01 1.897447e-01 3.441859e-01 2.405105e-01 3.676715e-01 1.719452e-01 7.399663e-02
<GCONST> 8.326775e+01
<STATE> 3
<MEAN> 39
 7.928254e-01 -8.221277e+00 2.884769e+00 -6.118381e+00 -2.179986e+00 -6.593173e+00 -1.105522e+01 -7.759558e+00 8.898640e+00 -1.762175e-01 4.842947e+00 -7.238358e+00 7.118418e+01 -4.503491e-01 2.256727e+00 -1.763674e-01 1.242726e+00 1.745245e+00 6.985846e-01 -9.962243e-02 -3.538793e-01 -1.999618e+00 8.374307e-01 9.657007e-01 6.761050e-01 -2.366492e+00 -2.348069e-01 -2.537111e-01 -7.635714e-02 -1.484833e-01 -9.881046e-02 -4.371529e-03 5.951299e-01 4.467524e-01 2.341713e-01 -3.507130e-01 -4.604273e-01 -6.710176e-02 3.227907e-01
<VARIANCE> 39
 3.739921e+00 2.270419e+01 1.186377e+01 1.658656e+01 1.512031e+01 3.360907e+01 1.064699e+01 1.444651e+01 3.027707e+01 1.152110e+01 1.885455e+01 1.191580e+01 2.381341e+01 9.233989e-01 1.601979e+00 8.999183e-01 8.152636e-01 1.436940e+00 1.603939e+00 3.529646e+00 1.249811e+00 2.794408e+00 1.703106e+00 3.440161e+00 2.095511e+00 1.049497e+00 1.231926e-01 4.798943e-01 6.719240e-02 2.958446e-01 2.809359e-01 3.007229e-01 3.305763e-01 1.921881e-01 6.424851e-01 1.951270e-01 4.100874e-01 3.618255e-01 4.130812e-01
<GCONST> 9.624931e+01
<STATE> 4
<MEAN> 39
 -3.605285e+00 -6.619579e+00 -1.325035e+00 -6.999896e+00 2.192203e+00 -3.883255e+00 -5.232202e+00 -3.107302e+00 5.421864e+00 -8.016186e-01 3.709411e+00 -5.749079e+00 6.768198e+01 -1.191201e-01 -7.537094e-01 -3.931392e-01 -7.618785e-01 -9.890580e-02 4.042032e-01 -2.904373e-01 7.111478e-01 2.901811e-01 -5.783629e-02 3.456898e-02 -1.566656e-01 5.332182e-01 1.109027e-01 -2.360324e-01 2.278221e-02 -1.200641e-01 -1.544235e-01 -6.254970e-02 -2.309194e-01 7.416759e-02 1.461890e-01 -4.147842e-02 -6.823873e-02 -1.041563e-01 2.137193e-01
<VARIANCE> 39
 2.179310e+01 1.676755e+01 3.562918e+01 2.438925e+01 2.283154e+01 2.032019e+01 4.156607e+01 2.456982e+01 2.609707e+01 1.695522e+01 2.160413e+01 1.747896e+01 1.277931e+01 1.511370e+00 1.488869e+00 1.027951e+00 1.839493e+00 1.402712e+00 2.066823e+00 2.841918e+00 2.127005e+00 1.804210e+00 1.252289e+00 1.824821e+00 1.479190e+00 1.236841e+00 2.721562e-01 4.825867e-01 1.528498e-01 4.607213e-01 3.284200e-01 4.377272e-01 5.609046e-01 3.260186e-01 4.191411e-01 2.400174e-01 3.868333e-01 2.775283e-01 3.269803e-01
<GCONST> 1.043527e+02
<TRANSP> 5
 0.000000e+00 1.000000e+00 0.000000e+00 0.000000e+00 0.000000e+00
 0.000000e+00 8.203762e-01 1.796238e-01 0.000000e+00 0.000000e+00
 0.000000e+00 0.000000e+00 7.418047e-01 2.581952e-01 0.000000e+00
 0.000000e+00 0.000000e+00 0.000000e+00 8.559514e-01 1.440487e-01
 0.000000e+00 0.000000e+00 0.000000e+00 0.000000e+00 0.000000e+00
<ENDHMM>
~h "w"
<BEGINHMM>
<NUMSTATES> 5
<STATE> 2
<MEAN> 39
 -8.186333e+00 -4.472382e+00 1.289635e+00 -5.160117e+00 -2.877421e-01 -4.042658e+00 -2.471756e+00 2.986824e-01 3.771519e+00 -1.681908e+00 3.703658e+00 -2.014627e+00 6.077529e+01 8.810669e-02 1.705464e-01 -1.673105e-01 -1.589695e-01 1.176524e-02 -9.945568e-02 3.915142e-02 -1.177226e-02 -2.042786e-01 -3.121289e-01 -6.387219e-03 1.243956e-01 -7.123334e-02 1.309538e-01 7.657105e-02 5.520901e-02 3.675556e-03 -4.816284e-02 -3.916608e-02 -6.873287e-02 -5.334058e-02 -8.233080e-02 -8.921590e-02 -5.463690e-02 -1.689600e-02 5.740969e-02
<VARIANCE> 39
 1.511078e+01 1.143631e+01 1.329854e+01 2.306260e+01 1.837528e+01 3.462139e+01 2.210474e+01 3.231959e+01 2.558173e+01 2.459281e+01 1.620412e+01 4.264601e+01 6.164441e+00 5.209960e-01 7.296658e-01 7.288132e-01 1.353005e+00 1.672897e+00 2.285317e+00 2.192072e+00 2.001578e+00 2.218103e+00 1.486510e+00 1.810155e+00 1.344798e+00 2.530925e-01 9.870648e-02 1.416159e-01 1.630308e-01 2.109077e-01 3.080686e-01 3.984367e-01 3.446429e-01 4.030558e-01 4.295841e-01 3.004666e-01 3.126881e-01 2.399597e-01 3.216170e-02
<GCONST> 9.314481e+01
<STATE> 3
<MEAN> 39
 3.896796e-01 2.611734e+00 1.817663e+00 -1.199862e+01 -6.806937e+00 -1.021875e+01 -5.438936e+00 5.790274e-01 1.520943e+00 -6.186247e+00 8.935326e-01 -2.799693e+00 6.640523e+01 1.034628e+00 1.297567e-01 -1.811941e-01 -1.174789e+00 -1.260917e+00 2.787757e-01 2.378618e-01 2.945885e-01 6.655853e-02 -1.406451e-01 2.004899e-01 9.579895e-02 9.671323e-01 -1.099153e-01 -3.567818e-01 -1.945788e-01 -8.124067e-02 1.970764e-02 3.572750e-01 2.010364e-01 9.836098e-02 3.621184e-03 4.253060e-02 6.991655e-02 -3.269893e-02 6.689598e-02
<VARIANCE> 39
 2.735454e+01 1.826281e+01 1.356071e+01 3.072945e+01 3.643454e+01 2.887496e+01 1.575023e+01 1.964879e+01 2.303690e+01 1.599287e+01 2.186566e+01 1.340068e+01 1.415104e+01 1.224329e+00 2.884610e+00 1.744754e+00 1.945469e+00 1.912776e+00 3.260296e+00 1.819199e+00 1.628116e+00 1.514013e+00 1.711468e+00 1.953651e+00 1.449493e+00 3.628863e-01 1.875222e-01 2.450812e-01 2.242084e-01 3.126485e-01 4.361722e-01 3.950277e-01 2.404557e-01 2.449743e-01 3.055823e-01 3.154635e-01 3.921218e-01 3.175155e-01 5.959816e-02
<GCONST> 9.966443e+01
<STATE> 4
<MEAN> 39
 3.932373e+00 -1.358594e+01 -5.487030e+00 -1.767454e+01 -8.261957e+00 9.001482e+00 2.202373e+00 -1.309918e+00 -1.023706e+00 -6.172859e+00 4.003800e+00 -5.576139e+00 7.697581e+01 -2.164600e-01 -1.531307e+00 -4.356951e-01 7.284650e-01 9.598445e-01 1.242773e+00 8.620804e-02 -9.300131e-01 1.481048e-01 2.411747e-01 1.002825e-02 -3.279371e-01 5.789157e-01 -3.878093e-02 2.323264e-01 1.326150e-01 2.050734e-01 8.815093e-02 -3.668205e-01 -2.118908e-01 -1.225470e-01 1.898459e-01 3.724631e-02 -1.160532e-02 5.979015e-02 -1.168139e-01
<VARIANCE> 39
 4.081849e+00 4.011378e+01 1.493359e+01 2.268423e+01 2.865524e+01 3.219816e+01 1.684846e+01 4.266983e+01 1.619915e+01 1.706155e+01 1.847403e+01 7.220958e+00 8.593102e+00 1.251230e-01 1.903120e+00 5.607765e-01 7.942644e-01 9.098910e-01 4.210359e+00 1.588282e+00 1.438580e+00 2.148028e+00 9.996054e-01 1.403694e+00 5.902263e-01 4.542195e-01 2.893482e-02 1.235073e-01 6.524580e-02 1.885732e-01 2.090589e-01 2.978957e-01 2.354729e-01 3.059756e-01 2.504818e-01 1.783830e-01 2.284249e-01 9.958504e-02 2.890127e-02
<GCONST> 8.251045e+01
<TRANSP> 5
 0.000000e+00 1.000000e+00 0.000000e+00 0.000000e+00 0.000000e+00
 0.000000e+00 9.231263e-01 7.687373e-02 0.000000e+00 0.000000e+00
 0.000000e+00 0.000000e+00 9.116090e-01 8.839098e-02 0.000000e+00
 0.000000e+00 0.000000e+00 0.000000e+00 9.107162e-01 8.928369e-02
 0.000000e+00 0.000000e+00 0.000000e+00 0.000000e+00 0.000000e+00
<ENDHMM>
~h "z"
<BEGINHMM>
<NUMSTATES> 5
<STATE> 2
<MEAN> 39
 -3.910854e+00 -3.547242e+00 4.281693e-01 -1.090663e+00 6.904766e+00 -1.660344e+00 5.403184e-01 -8.114262e-02 3.960550e+00 -2.015475e+00 -1.946630e+00 -7.100660e+00 6.127930e+01 -6.409897e-02 3.200199e-01 -2.348193e-01 -2.177552e-01 -4.202292e-01 -1.359914e+00 -9.709841e-01 -6.914909e-01 -5.170160e-01 1.011525e-01 3.692445e-01 1.423217e-01 -2.658519e-01 1.708753e-01 6.955469e-02 2.540415e-02 -1.868401e-02 -4.685569e-01 -3.133741e-01 -2.385853e-01 -1.137389e-01 -2.071055e-01 -1.439534e-01 2.855235e-01 2.421111e-01 9.443561e-02
<VARIANCE> 39
 8.088284e+00 1.663545e+01 9.609218e+00 2.978428e+01 6.415229e+00 3.038976e+01 1.709409e+01 1.372593e+01 2.225729e+01 2.182515e+01 3.468962e+01 1.350009e+01 3.861297e+00 6.382893e-01 6.171741e-01 1.313455e+00 1.356962e+00 1.527339e+00 1.414256e+00 2.473542e+00 1.265341e+00 1.501422e+00 2.061969e+00 1.209895e+00 1.213302e+00 2.428053e-01 5.126663e-02 1.230489e-01 1.231854e-01 1.800268e-01 1.369840e-01 3.826451e-01 4.099125e-01 2.229481e-01 1.999490e-01 3.464524e-01 3.244187e-01 2.559322e-01 1.058942e-02
<GCONST> 8.438652e+01
<STATE> 3
<MEAN> 39
 -5.378174e+00 -3.819601e+00 -2.257562e+00 -2.313090e+00 1.121015e+00 -6.632695e+00 -5.372754e+00 -2.588706e+00 4.587214e+00 -8.503351e-01 2.246062e+00 -4.166747e+00 5.846516e+01 9.690887e-02 1.438013e-01 1.898847e-02 -1.009525e-01 -4.014125e-01 -2.115484e-01 -3.562983e-02 1.624919e-01 -9.321847e-02 -1.796434e-01 3.972731e-01 4.650897e-01 -6.247934e-02 -1.763113e-02 7.420500e-02 1.255776e-01 1.568319e-01 2.161608e-01 2.907166e-01 2.654438e-01 1.156635e-01 1.402289e-01 1.463059e-01 3.599812e-02 -1.209016e-01 -4.458278e-03
<VARIANCE> 39
 4.544966e+00 2.142653e+01 1.725315e+01 1.706464e+01 1.290958e+01 3.922445e+01 5.095858e+01 1.202727e+01 5.509055e+01 3.436148e+01 1.906430e+01 8.427590e+00 4.516746e+00 3.726462e-01 1.220390e+00 1.182199e+00 1.588969e+00 2.638031e+00 1.767981e+00 3.593344e+00 8.987848e-01 2.410986e+00 2.837721e+00 8.407154e-01 8.104247e-01 1.348898e-01 3.464868e-02 2.171407e-01 1.812012e-01 2.474954e-01 4.693644e-01 3.615861e-01 7.230846e-01 1.660395e-01 5.017423e-01 5.498899e-01 1.425266e-01 1.291326e-01 2.747274e-02
<GCONST> 9.004512e+01
<STATE> 4
<MEAN> 39
 -4.686221e+00 -2.453305e+00 -4.328741e+00 -9.035487e+00 4.702566e-01 -5.249981e+00 8.927507e-01 -5.229433e-02 5.879360e+00 2.890826e+00 5.666902e+00 -3.167768e+00 5.885114e+01 4.190949e-01 2.897496e-01 1.768848e-01 3.276960e-01 2.091810e-01 1.038255e-01 -3.871371e-02 7.272828e-03 -3.919367e-01 -4.448001e-01 -1.560887e-01 -7.062761e-01 4.781541e-01 5.906015e-02 7.561422e-02 6.091275e-02 2.439185e-01 9.089694e-02 1.007083e-01 -1.262718e-01 -1.125452e-01 8.507112e-02 -2.198659e-01 -1.086607e-01 -9.989762e-02 1.221523e-01
<VARIANCE> 39
 5.336194e+00 5.669572e+00 2.018486e+01 3.925563e+01 1.009291e+01 1.855653e+01 1.775087e+01 1.607404e+01 2.127826e+01 2.778099e+01 1.774490e+01 2.175947e+01 1.147613e+01 4.540084e-01 8.485405e-01 1.132387e+00 1.623079e+00 1.013461e+00 1.999350e+00 2.115412e+00 2.427607e+00 2.667283e+00 3.034164e+00 2.673859e+00 3.883275e+00 2.276377e-01 1.067327e-01 1.419756e-01 2.300590e-01 1.241146e-01 1.947694e-01 2.365014e-01 3.159458e-01 6.152502e-01 6.042576e-01 3.746138e-01 4.826020e-01 6.702999e-01 4.072039e-02
<GCONST> 9.409857e+01
<TRANSP> 5
 0.000000e+00 1.000000e+00 0.000000e+00 0.000000e+00 0.000000e+00
 0.000000e+00 8.099900e-01 1.900100e-01 0.000000e+00 0.000000e+00
 0.000000e+00 0.000000e+00 8.203543e-01 1.796456e-01 0.000000e+00
 0.000000e+00 0.000000e+00 0.000000e+00 8.166530e-01 1.833471e-01
 0.000000e+00 0.000000e+00 0.000000e+00 0.000000e+00 0.000000e+00
<ENDHMM>
~h "O:"
<BEGINHMM>
<NUMSTATES> 5
<STATE> 2
<MEAN> 39
 -4.523978e+00 -3.023375e+00 -2.162003e+00 -8.461019e+00 -6.991186e+00 -7.608170e+00 -7.022200e+00 -5.006430e+00 -4.234632e+00 -2.421435e+00 -3.094786e+00 -1.822818e+00 6.799861e+01 1.161599e-01 -1.314914e-02 -4.638544e-02 -6.450578e-01 -7.526891e-01 2.698304e-01 -4.466641e-03 -7.209806e-02 -2.801689e-02 -4.398401e-01 -2.437612e-02 1.658323e-01 2.670206e-01 -9.502837e-02 -2.005746e-02 -2.866853e-02 1.812520e-01 1.057853e-01 -4.401010e-02 9.125996e-02 4.574567e-02 1.304344e-01 7.821479e-02 -7.686725e-02 -1.609091e-01 -3.935930e-02
<VARIANCE> 39
 2.976876e+01 8.903576e+00 2.699643e+01 4.442966e+01 4.764409e+01 3.950471e+01 1.219134e+01 1.207844e+01 2.598169e+01 4.033069e+01 2.213294e+01 2.180788e+01 8.522836e+00 1.352003e+00 8.842914e-01 1.775738e+00 1.326125e+00 1.575925e+00 1.212811e+00 1.150037e+00 1.233989e+00 2.798193e+00 1.701982e+00 1.467006e+00 1.650317e+00 4.453265e-01 2.867182e-01 1.215017e-01 3.232495e-01 4.011044e-01 3.760686e-01 2.232950e-01 2.903950e-01 2.069778e-01 4.748257e-01 4.290133e-01 2.351336e-01 3.774444e-01 1.287560e-01
<GCONST> 9.907292e+01
<STATE> 3
<MEAN> 39
 5.926267e+00 -1.951063e+00 2.518669e+00 -2.203684e+01 -1.861262e+01 -3.490971e+00 -3.515599e+00 -2.290016e+00 4.569333e+00 -1.080376e+01 5.877293e-01 -1.183771e+00 7.342465e+01 1.984021e-01 -4.315886e-01 -9.696035e-03 6.056093e-02 -2.605631e-01 -4.663100e-01 5.864905e-01 4.564620e-01 3.265733e-01 1.875307e-01 9.939837e-02 -1.943845e-01 7.736280e-02 -1.317731e-02 -7.675321e-02 -8.196296e-02 1.930027e-01 1.684062e-01 -3.952350e-02 1.209113e-01 3.579297e-02 -3.193102e-02 2.209473e-03 -4.038837e-02 5.294467e-02 -9.173544e-02
<VARIANCE> 39
 5.729188e+00 4.905176e+00 5.306926e+00 8.887617e+00 1.266833e+01 2.738817e+01 1.876740e+01 9.972507e+00 8.915298e+00 1.533945e+01 2.784145e+01 1.273286e+01 2.869775e+00 1.793721e-01 3.841273e-01 2.937714e-01 3.628698e-01 4.673743e-01 5.831863e-01 6.487353e-01 3.947707e-01 6.450655e-01 4.455144e-01 5.162479e-01 8.172483e-01 1.276306e-01 6.218722e-02 5.016958e-02 4.370669e-02 9.314992e-02 1.141461e-01 1.230429e-01 1.307233e-01 6.588950e-02 1.492448e-01 1.175051e-01 1.452308e-01 1.941291e-01 3.721732e-02
<GCONST> 5.884996e+01
<STATE> 4
<MEAN> 39
 7.584778e+00 -9.950358e+00 -4.972860e+00 -1.521562e+01 -1.224762e+01 -5.081283e+00 1.359302e-01 1.056635e+00 6.495387e+00 -9.071323e+00 -4.813650e-01 4.387985e+00 7.378963e+01 -2.031954e-01 -1.072364e-01 -7.282077e-01 1.008577e+00 1.367356e+00 1.610399e-01 -1.550237e-02 6.038257e-02 -2.658572e-02 5.084137e-01 -6.220695e-02 1.171979e-01 -2.268321e-01 -1.058225e-01 1.323466e-01 1.105083e-01 1.191516e-01 1.680401e-01 5.597481e-02 -1.455778e-02 7.566961e-02 -8.753635e-03 8.396295e-02 3.535818e-02 -1.784390e-01 -1.156856e-01
<VARIANCE> 39
 5.669141e+00 2.068587e+01 2.750632e+01 2.510943e+01 3.444788e+01 9.899135e+00 1.142803e+01 1.000578e+01 1.398601e+01 1.472678e+01 1.074068e+01 2.219009e+01 3.443310e+00 5.230790e-01 1.513719e+00 6.983024e-01 7.813725e-01 1.627343e+00 8.664773e-01 8.689725e-01 1.425002e+00 7.889245e-01 1.071951e+00 6.543596e-01 1.794418e+00 4.921916e-01 5.181194e-02 1.540342e-01 1.327260e-01 8.459866e-02 1.742843e-01 1.174050e-01 1.547475e-01 2.664697e-01 1.263503e-01 1.439476e-01 1.020775e-01 1.899941e-01 6.961703e-02
<GCONST> 7.757831e+01
<TRANSP> 5
 0.000000e+00 1.000000e+00 0.000000e+00 0.000000e+00 0.000000e+00
 0.000000e+00 8.303208e-01 1.696791e-01 0.000000e+00 0.000000e+00
 0.000000e+00 0.000000e+00 9.042187e-01 9.578127e-02 0.000000e+00
 0.000000e+00 0.000000e+00 0.000000e+00 9.344324e-01 6.556757e-02
 0.000000e+00 0.000000e+00 0.000000e+00 0.000000e+00 0.000000e+00
<ENDHMM>
~h "aI"
<BEGINHMM>
<NUMSTATES> 5
<STATE> 2
<MEAN> 39
 1.228193e+00 -1.646235e+01 -2.442330e+00 -4.042060e+00 -7.055791e+00 4.625952e+00 -6.609913e+00 -4.445703e+00 1.091082e+01 -3.284235e+00 -1.769729e+00 -9.856713e+00 7.817176e+01 -1.287281e-01 -1.725222e+00 -1.500759e+00 -5.140654e-01 2.969935e-01 1.399606e+00 -4.964617e-02 4.351176e-01 4.889672e-01 -1.269183e+00 -1.038038e+00 -2.072567e-01 1.455493e+00 -1.300773e-01 5.271740e-01 3.948471e-01 1.893830e-03 3.756619e-01 -3.766539e-01 2.587983e-01 -4.098499e-01 -2.050142e-01 2.500665e-01 1.301771e-01 2.567662e-01 -4.736746e-01
<VARIANCE> 39
 4.351400e+00 2.017640e+01 1.385772e+01 7.356787e+01 1.216622e+01 3.515980e+01 2.398038e+01 2.461548e+01 1.958178e+01 2.835484e+01 1.920008e+01 1.491252e+01 1.287819e+01 3.085271e-01 2.113060e+00 2.766213e+00 8.188816e-01 1.575151e+00 2.425536e+00 2.116648e+00 3.381509e+00 1.219436e+00 2.686807e+00 1.702993e+00 1.600010e+00 1.742505e+00 9.528139e-02 1.761930e-01 2.438044e-01 2.712518e-01 1.637012e-01 2.857832e-01 3.671176e-01 4.643645e-01 2.047848e-01 5.221037e-01 4.410496e-01 2.287989e-01 1.642678e-01
<GCONST> 9.852333e+01
<STATE> 3
<MEAN> 39
 9.002958e-01 -1.900011e+01 -3.880209e+00 -8.666137e+00 -2.156208e+00 5.474709e+00 -2.179289e+00 -8.730791e+00 1.232426e+01 -3.888952e+00 -4.501444e+00 -6.954905e+00 7.949428e+01 -3.472743e-02 -9.394064e-02 2.914813e-01 2.106828e-01 -1.576124e-01 -4.661602e-01 5.049069e-02 3.281643e-01 2.877075e-01 -1.432893e-01 -2.306854e-01 3.283223e-01 -7.237877e-02 -4.357794e-03 3.003016e-02 9.562720e-02 6.706746e-02 -1.501382e-01 -9.227277e-02 -3.922124e-02 1.473436e-01 -3.264018e-03 -6.622781e-02 7.112443e-02 8.731107e-03 -2.505706e-02
<VARIANCE> 39
 3.607805e+00 1.165430e+01 4.794635e+00 3.357546e+01 1.028879e+01 2.421643e+01 2.102898e+01 2.461049e+01 2.551494e+01 1.240383e+01 1.655445e+01 1.891081e+01 3.483085e+00 7.197347e-02 1.721301e-01 3.402912e-01 5.119717e-01 8.103214e-01 6.824072e-01 5.043516e-01 1.327172e+00 4.713753e-01 6.595231e-01 5.040924e-01 3.203824e-01 6.629148e-02 1.159605e-02 2.840061e-02 2.621459e-02 3.935438e-02 5.864244e-02 5.410009e-02 4.734078e-02 5.682984e-02 7.504884e-02 7.369703e-02 1.081982e-01 5.313095e-02 1.286161e-02
<GCONST> 5.090244e+01
<STATE> 4
<MEAN> 39
 -1.546438e+00 -1.603407e+01 8.841179e+00 -2.458261e+00 -1.361106e+01 -6.392516e+00 -3.954051e+00 5.083689e+00 1.074569e+01 -8.918356e+00 2.243961e+00 -2.570090e+00 7.635220e+01 -1.393007e-01 1.016337e+00 7.376862e-01 3.277638e-01 -4.543423e-02 -8.918076e-01 -2.033527e-01 2.755224e-01 -8.684842e-01 3.266813e-01 1.016916e+00 -1.194515e-01 -7.224422e-01 3.054822e-02 2.047491e-01 -2.389590e-01 3.922518e-02 4.466626e-01 8.785384e-02 -4.089471e-02 -3.988998e-01 -3.257065e-02 3.051536e-01 -1.961861e-01 -1.476917e-01 -1.595306e-01
<VARIANCE> 39
 7.464663e+00 2.356203e+01 2.612060e+01 2.126368e+01 1.639577e+01 2.359616e+01 1.519303e+01 1.951985e+01 3.104760e+01 9.807517e+00 4.066565e+01 1.671516e+01 7.030592e+00 3.175377e-01 8.841509e-01 1.736498e+00 6.724399e-01 3.784829e+00 6.889170e-01 1.139473e+00 2.395252e+00 9.231222e-01 1.453838e+00 2.198019e+00 1.046472e+00 4.435645e-01 4.446133e-02 1.216667e-01 1.138173e-01 1.060077e-01 1.961030e-01 1.226985e-01 1.587069e-01 2.768970e-01 1.936776e-01 2.026279e-01 2.898509e-01 1.272707e-01 5.151163e-02
<GCONST> 8.417654e+01
<TRANSP> 5
 0.000000e+00 1.000000e+00 0.000000e+00 0.000000e+00 0.000000e+00
 0.000000e+00 7.827492e-01 2.172508e-01 0.000000e+00 0.000000e+00
 0.000000e+00 0.000000e+00 9.459929e-01 5.400708e-02 0.000000e+00
 0.000000e+00 0.000000e+00 0.000000e+00 9.060367e-01 9.396326e-02
 0.000000e+00 0.000000e+00 0.000000e+00 0.000000e+00 0.000000e+00
<ENDHMM>
~h "eh"
<BEGINHMM>
<NUMSTATES> 5
<STATE> 2
<MEAN> 39
 1.288266e+00 -1.434738e+01 -4.372243e+00 -8.652692e+00 -4.722516e-01 2.703153e+00 -6.311439e+00 -5.166118e+00 9.881482e+00 -1.938798e+00 2.339741e+00 -8.037830e+00 7.756010e+01 -1.091019e-01 4.159716e-01 -1.795011e-01 7.269616e-01 2.676085e-01 -6.768662e-01 -3.842973e-01 4.478689e-01 6.985473e-01 -3.134513e-02 -2.432705e-01 -1.859659e-01 -1.503186e-01 4.061587e-02 1.876929e-01 5.595636e-02 9.809109e-02 -3.111985e-02 -4.476549e-02 1.068522e-01 -1.332156e-01 -2.089067e-01 9.141742e-02 1.586308e-01 4.506036e-02 -2.360880e-01
<VARIANCE> 39
 2.600656e+00 1.052039e+01 1.712091e+01 1.107518e+01 8.347821e+00 4.079837e+01 5.165075e+01 3.093742e+01 1.679464e+01 1.003493e+01 2.035264e+01 1.324250e+01 4.892190e+00 1.043729e-01 4.413632e-01 3.040490e-01 4.106378e-01 5.372235e-01 4.263821e-01 9.548785e-01 8.420852e-01 9.093798e-01 6.215356e-01 1.115623e+00 6.215724e-01 3.343173e-01 2.076238e-02 5.169139e-02 8.120386e-02 9.423119e-02 8.252270e-02 8.086777e-02 1.369508e-01 1.830845e-01 1.222511e-01 9.039941e-02 1.900490e-01 8.871996e-02 5.669819e-02
<GCONST> 6.500404e+01
<STATE> 3
<MEAN> 39
 1.708701e+00 -9.104404e+00 -3.736215e+00 -3.896365e+00 6.475780e-01 -2.566345e+00 -9.339355e+00 -2.632943e+00 1.013178e+01 1.701489e-01 5.336662e+00 -9.903794e+00 7.285390e+01 -4.362905e-02 1.116217e+00 1.646593e+00 9.513478e-01 -3.418874e-02 -2.095467e-01 7.630075e-01 -1.629208e+00 -9.971059e-01 1.330685e+00 7.567692e-01 3.187788e-01 -1.719670e+00 -2.055475e-01 1.014529e-01 7.323544e-01 3.123803e-02 -6.333946e-02 1.645337e-01 9.076232e-02 -4.275592e-01 -2.334955e-01 2.238096e-01 -2.302189e-01 3.397983e-01 -2.026321e-01
<VARIANCE> 39
 4.078098e+00 7.123929e+00 1.381673e+01 1.138343e+01 1.568315e+01 2.101306e+01 1.925861e+01 1.995507e+01 1.947485e+01 1.202993e+01 2.597353e+01 1.641259e+01 6.028070e+00 3.178511e-01 3.322417e-01 2.326124e+00 5.674438e-01 1.015260e+00 1.189259e+00 1.468201e+00 2.269978e+00 1.400064e+00 1.426446e+00 1.466118e+00 1.114422e+00 4.224351e-01 3.568788e-02 4.416357e-02 1.630805e-01 1.228211e-01 2.325978e-01 1.550235e-01 1.868934e-01 3.706200e-01 3.003626e-01 2.567235e-01 2.926904e-01 2.058693e-01 7.302862e-02
<GCONST> 8.056001e+01
<STATE> 4
<MEAN> 39
 -1.667448e-01 -4.782830e+00 6.904178e+00 -4.325264e-01 2.184449e-01 -2.165832e+00 -7.389009e+00 -9.787487e+00 6.460002e+00 3.819215e+00 4.523985e+00 -6.504712e+00 6.642747e+01 -3.952003e-01 8.639593e-01 7.501994e-01 3.525972e-01 4.979145e-01 -1.346447e-01 2.819292e-01 3.173663e-01 -2.980740e-01 -1.222226e-01 -4.957606e-01 1.352558e-01 -7.721193e-01 1.171386e-02 -6.463327e-02 -5.466513e-01 -1.552245e-01 1.728860e-01 6.357235e-02 1.275425e-01 6.657766e-01 1.820163e-01 -3.129376e-01 -1.084757e-01 -1.892499e-01 1.929549e-01
<VARIANCE> 39
 3.364331e+00 6.820941e+00 1.047104e+01 8.769183e+00 1.524602e+01 1.375121e+01 1.383339e+01 1.370598e+01 1.538802e+01 1.231519e+01 1.141678e+01 1.278176e+01 3.179089e+00 2.338827e-01 4.143040e-01 3.014562e+00 7.972503e-01 8.385200e-01 1.189897e+00 1.545458e+00 3.277828e+00 1.353711e+00 1.282236e+00 1.465109e+00 1.620958e+00 3.577935e-01 3.343584e-02 5.750306e-02 2.540644e-01 1.138002e-01 1.911864e-01 1.845013e-01 3.190036e-01 2.895009e-01 2.539592e-01 2.412258e-01 2.483913e-01 2.591855e-01 7.428567e-02
<GCONST> 7.819669e+01
<TRANSP> 5
 0.000000e+00 1.000000e+00 0.000000e+00 0.000000e+00 0.000000e+00
 0.000000e+00 8.664961e-01 1.335038e-01 0.000000e+00 0.000000e+00
 0.000000e+00 0.000000e+00 7.096187e-01 2.903813e-01 0.000000e+00
 0.000000e+00 0.000000e+00 0.000000e+00 8.273739e-01 1.726261e-01
 0.000000e+00 0.000000e+00 0.000000e+00 0.000000e+00 0.000000e+00
<ENDHMM>
~h "sp"
<BEGINHMM>
<NUMSTATES> 3
<STATE> 2
~s "silst"
<TRANSP> 3
 0.000000e+00 4.105286e-01 5.894714e-01
 0.000000e+00 9.012476e-01 9.875242e-02
 0.000000e+00 0.000000e+00 0.000000e+00
<ENDHMM>
~h "sil"
<BEGINHMM>
<NUMSTATES> 5
<STATE> 2
<MEAN> 39
 -7.046884e+00 -4.266038e+00 9.627798e-01 -4.954075e+00 2.990601e-02 -8.436603e+00 -4.868628e+00 1.039933e+00 4.974662e+00 -2.143890e+00 2.527224e-01 -5.260893e+00 6.069752e+01 3.967130e-02 3.628057e-02 6.345812e-02 7.286074e-02 -2.636634e-02 -6.628775e-02 -2.217988e-02 -1.192811e-01 -8.113311e-02 -8.589778e-02 6.432856e-02 8.408133e-03 -1.159570e-01 -3.723740e-02 1.328805e-02 -3.022790e-02 -8.309339e-03 1.487788e-02 4.688721e-02 2.904928e-02 5.704100e-03 -5.700450e-02 5.432838e-04 2.184029e-02 3.288984e-02 4.994559e-03
<VARIANCE> 39
 6.259868e+00 8.759014e+00 1.657832e+01 1.993480e+01 1.779515e+01 2.393627e+01 2.136270e+01 2.307236e+01 2.499822e+01 2.836726e+01 2.654606e+01 2.211983e+01 3.215306e+00 2.465824e-01 4.449597e-01 7.689251e-01 9.871018e-01 1.363807e+00 1.410004e+00 1.410487e+00 1.853392e+00 1.904480e+00 1.568763e+00 1.627734e+00 1.705309e+00 8.512802e-02 3.568426e-02 7.026870e-02 1.187419e-01 1.693847e-01 2.269363e-01 2.367041e-01 2.632729e-01 3.591661e-01 3.631187e-01 2.879205e-01 3.094760e-01 3.211088e-01 1.214584e-02
<GCONST> 8.246988e+01
<STATE> 3
~s "silst"
<STATE> 4
<MEAN> 39
 -8.416571e+00 -3.654308e+00 -1.866379e-01 -6.571549e+00 -7.464064e-01 -6.961841e+00 -3.014055e+00 1.140332e+00 2.446935e+00 -1.073394e+00 8.571770e-01 -4.722908e+00 6.164584e+01 -2.667785e-02 -4.934859e-02 -4.274617e-02 -9.404238e-02 -8.304392e-02 6.157912e-02 5.833258e-02 2.003751e-01 1.759748e-01 6.482791e-02 -1.030962e-01 -1.328480e-01 1.451950e-01 4.599313e-02 -1.746260e-02 5.907133e-02 8.181404e-02 3.847679e-02 -1.135918e-02 -2.885926e-02 -8.669493e-02 5.527895e-02 -6.426670e-02 -1.241201e-02 -1.315857e-02 -4.906184e-02
<VARIANCE> 39
 1.322609e+01 1.872522e+01 2.369326e+01 3.115814e+01 3.467493e+01 4.227383e+01 2.720430e+01 3.159335e+01 3.046403e+01 2.698253e+01 3.085181e+01 2.468085e+01 9.538008e+00 7.065284e-01 8.851263e-01 1.218739e+00 1.809168e+00 2.135403e+00 2.534382e+00 2.265028e+00 2.154308e+00 2.030289e+00 2.052245e+00 2.223149e+00 1.884753e+00 3.933974e-01 1.213812e-01 1.565876e-01 2.117750e-01 3.067871e-01 3.908152e-01 5.213939e-01 3.945640e-01 3.797294e-01 3.776416e-01 3.919019e-01 4.142495e-01 3.638891e-01 6.762104e-02
<GCONST> 1.022817e+02
<TRANSP> 5
 0.000000e+00 1.000000e+00 0.000000e+00 0.000000e+00 0.000000e+00
 0.000000e+00 8.970947e-01 4.975354e-02 5.315183e-02 0.000000e+00
 0.000000e+00 0.000000e+00 9.088720e-01 9.112802e-02 0.000000e+00
 0.000000e+00 1.044968e-01 0.000000e+00 8.344992e-01 6.100398e-02
 0.000000e+00 0.000000e+00 0.000000e+00 0.000000e+00 0.000000e+00
<ENDHMM>
